LandisData "Base Wind" 
Timestep  1 
>> Wind Event Parameters
>> Wind
>> Max Mean Min Rotation
>> Ecoregion Size Size Size Period
>> --------- ---- ---- ---- --------
90 1000 25 6.25 2500
91 1000 25 6.25 2500
92 1000 25 6.25 2500
93 1000 25 6.25 2500
94 1000 25 6.25 2500
95 1000 25 6.25 2500
100 1000 25 6.25 2500
101 1000 25 6.25 2500
102 1000 25 6.25 2500
182 1000 25 6.25 2500
183 1000 25 6.25 2500
184 1000 25 6.25 2500
185 1000 25 6.25 2500
186 1000 25 6.25 2500
187 1000 25 6.25 2500
188 1000 25 6.25 2500
189 1000 25 6.25 2500
190 1000 25 6.25 2500
191 1000 25 6.25 2500
192 1000 25 6.25 2500
193 1000 25 6.25 2500
194 1000 25 6.25 2500
195 1000 25 6.25 2500
196 1000 25 6.25 2500
197 1000 25 6.25 2500
198 1000 25 6.25 2500
275 1000 25 6.25 2500
276 1000 25 6.25 2500
277 1000 25 6.25 2500
278 1000 25 6.25 2500
283 1000 25 6.25 2500
284 1000 25 6.25 2500
288 1000 25 6.25 2500
289 1000 25 6.25 2500
WindSeverities
>> Cohort Age Mortality
>> Severity % of longevity Probability
>> -------- -------------- -----------
5 0% to 20% 0.05
4 20% to 50% 0.1
3 50% to 70% 0.5
2 70% to 85% 0.85
1 85% to 100% 0.95
MapNames wind/severity-{timestep}.tif
LogFile wind/log.csv
