LandisData "Base Wind" 
Timestep  1 
>> Wind Event Parameters
>> Wind
>> Max Mean Min Rotation
>> Ecoregion Size Size Size Period
>> --------- ---- ---- ---- --------
75	1000	25	6.25	2500
76	1000	25	6.25	2500
77	1000	25	6.25	2500
78	1000	25	6.25	2500
80	1000	25	6.25	2500
113	1000	25	6.25	2500
114	1000	25	6.25	2500
115	1000	25	6.25	2500
117	1000	25	6.25	2500
139	1000	25	6.25	2500
168	1000	25	6.25	2500
169	1000	25	6.25	2500
172	1000	25	6.25	2500
178	1000	25	6.25	2500
189	1000	25	6.25	2500
215	1000	25	6.25	2500
240	1000	25	6.25	2500
249	1000	25	6.25	2500
254	1000	25	6.25	2500
297	1000	25	6.25	2500
302	1000	25	6.25	2500
314	1000	25	6.25	2500
315	1000	25	6.25	2500
318	1000	25	6.25	2500
320	1000	25	6.25	2500
324	1000	25	6.25	2500
325	1000	25	6.25	2500
328	1000	25	6.25	2500
329	1000	25	6.25	2500
333	1000	25	6.25	2500
334	1000	25	6.25	2500
335	1000	25	6.25	2500
337	1000	25	6.25	2500
338	1000	25	6.25	2500
339	1000	25	6.25	2500
350	1000	25	6.25	2500
352	1000	25	6.25	2500
353	1000	25	6.25	2500
355	1000	25	6.25	2500
357	1000	25	6.25	2500
359	1000	25	6.25	2500
362	1000	25	6.25	2500
363	1000	25	6.25	2500
366	1000	25	6.25	2500
382	1000	25	6.25	2500
385	1000	25	6.25	2500
386	1000	25	6.25	2500
387	1000	25	6.25	2500
388	1000	25	6.25	2500
389	1000	25	6.25	2500
390	1000	25	6.25	2500
391	1000	25	6.25	2500
392	1000	25	6.25	2500
393	1000	25	6.25	2500
394	1000	25	6.25	2500
395	1000	25	6.25	2500
397	1000	25	6.25	2500
400	1000	25	6.25	2500
421	1000	25	6.25	2500
425	1000	25	6.25	2500
WindSeverities
>> Cohort Age Mortality
>> Severity % of longevity Probability
>> -------- -------------- -----------
5 0% to 20% 0.05
4 20% to 50% 0.1
3 50% to 70% 0.5
2 70% to 85% 0.85
1 85% to 100% 0.95
MapNames wind/severity-{timestep}.tif
LogFile wind/log.csv
