LandisData "Dynamic Input Data"

>>	year	landtype	species	probEst	maxANPP	maxB
0	305	ABIE.BAL	0.692	419	3395
0	305	ACER.RUB	0.651	935	8293
0	305	ACER.SAH	0.651	1246	11605
0	305	BETU.ALL	0.692	1265	8656
0	305	BETU.PAP	0.786	995	5434
0	305	FAGU.GRA	0	0	0
0	305	LARI.LAR	0.786	488	3752
0	305	PICE.GLA	0.651	1554	16499
0	305	PICE.MAR	0.614	1184	14369
0	305	PICE.RUB	0.523	2656	18289
0	305	PINU.BAN	0.786	1724	13686
0	305	PINU.RES	0.042	113	47
0	305	PINU.STR	0.455	648	6940
0	305	POPU.TRE	0.786	1743	11162
0	305	QUER.RUB	0.372	1103	12292
0	305	THUJ.SPP.ALL	0.581	809	9086
0	305	TSUG.CAN	0.372	427	6784
0	307	ABIE.BAL	0.692	463	3430
0	307	ACER.RUB	0.692	985	8257
0	307	ACER.SAH	0.651	1236	11955
0	307	BETU.ALL	0.692	1334	9105
0	307	BETU.PAP	0.786	1021	5630
0	307	FAGU.GRA	0	0	0
0	307	LARI.LAR	0.786	462	3733
0	307	PICE.GLA	0.651	1590	16758
0	307	PICE.MAR	0.614	1240	14234
0	307	PICE.RUB	0.523	2929	18483
0	307	PINU.BAN	0.786	1793	13827
0	307	PINU.RES	0.053	1562	1622
0	307	PINU.STR	0.498	500	7495
0	307	POPU.TRE	0.786	1773	11151
0	307	QUER.RUB	0.372	962	12687
0	307	THUJ.SPP.ALL	0.581	833	8984
0	307	TSUG.CAN	0.372	372	7448
0	308	ABIE.BAL	0.692	396	3467
0	308	ACER.RUB	0.692	931	8443
0	308	ACER.SAH	0.651	1307	12332
0	308	BETU.ALL	0.692	1368	9267
0	308	BETU.PAP	0.786	995	5478
0	308	FAGU.GRA	0	0	0
0	308	LARI.LAR	0.786	523	3917
0	308	PICE.GLA	0.651	1648	16430
0	308	PICE.MAR	0.614	1445	14438
0	308	PICE.RUB	0.523	3482	19373
0	308	PINU.BAN	0.786	1801	13614
0	308	PINU.RES	0.053	1461	1514
0	308	PINU.STR	0.498	525	7507
0	308	POPU.TRE	0.786	1787	11291
0	308	QUER.RUB	0.372	846	12919
0	308	THUJ.SPP.ALL	0.581	833	9552
0	308	TSUG.CAN	0.372	407	7249
0	309	ABIE.BAL	0.692	453	3457
0	309	ACER.RUB	0.651	941	8144
0	309	ACER.SAH	0.651	1341	12270
0	309	BETU.ALL	0.692	1313	8904
0	309	BETU.PAP	0.786	1003	5462
0	309	FAGU.GRA	0	0	0
0	309	LARI.LAR	0.786	509	4009
0	309	PICE.GLA	0.651	1532	16498
0	309	PICE.MAR	0.614	1352	14545
0	309	PICE.RUB	0.523	3204	18676
0	309	PINU.BAN	0.786	1772	13726
0	309	PINU.RES	0.052	1526	1405
0	309	PINU.STR	0.455	673	7302
0	309	POPU.TRE	0.786	1756	11386
0	309	QUER.RUB	0.372	944	11949
0	309	THUJ.SPP.ALL	0.581	826	9338
0	309	TSUG.CAN	0.372	388	6693
0	310	ABIE.BAL	0.692	446	3458
0	310	ACER.RUB	0.651	876	8023
0	310	ACER.SAH	0.651	1583	11521
0	310	BETU.ALL	0.692	1309	9086
0	310	BETU.PAP	0.786	993	5563
0	310	FAGU.GRA	0	0	0
0	310	LARI.LAR	0.786	494	3793
0	310	PICE.GLA	0.651	1573	16835
0	310	PICE.MAR	0.614	1209	14456
0	310	PICE.RUB	0.523	3229	18490
0	310	PINU.BAN	0.786	1764	13731
0	310	PINU.RES	0.042	68	27
0	310	PINU.STR	0.324	891	7021
0	310	POPU.TRE	0.786	1652	11165
0	310	QUER.RUB	0.359	1126	11851
0	310	THUJ.SPP.ALL	0.581	803	9110
0	310	TSUG.CAN	0.347	344	6885
0	311	ABIE.BAL	0.692	441	3471
0	311	ACER.RUB	0.692	979	8391
0	311	ACER.SAH	0.651	1225	11986
0	311	BETU.ALL	0.692	1339	9218
0	311	BETU.PAP	0.786	990	5483
0	311	FAGU.GRA	0	0	0
0	311	LARI.LAR	0.786	531	3906
0	311	PICE.GLA	0.651	1603	16825
0	311	PICE.MAR	0.614	1380	14718
0	311	PICE.RUB	0.523	3159	17955
0	311	PINU.BAN	0.786	1804	13767
0	311	PINU.RES	0.053	1463	1499
0	311	PINU.STR	0.498	554	7336
0	311	POPU.TRE	0.786	1740	11290
0	311	QUER.RUB	0.359	2010	13484
0	311	THUJ.SPP.ALL	0.581	835	9368
0	311	TSUG.CAN	0.372	627	6908
0	314	ABIE.BAL	0.692	466	3487
0	314	ACER.RUB	0.737	999	8035
0	314	ACER.SAH	0.614	1303	11841
0	314	BETU.ALL	0.692	1320	8973
0	314	BETU.PAP	0.786	1009	5529
0	314	FAGU.GRA	0	0	0
0	314	LARI.LAR	0.786	496	3929
0	314	PICE.GLA	0.651	1636	16847
0	314	PICE.MAR	0.614	1317	14559
0	314	PICE.RUB	0.498	3402	18652
0	314	PINU.BAN	0.786	1778	13526
0	314	PINU.RES	0.042	58	27
0	314	PINU.STR	0.418	1082	7298
0	314	POPU.TRE	0.786	1813	11002
0	314	QUER.RUB	0.115	1190	10933
0	314	THUJ.SPP.ALL	0.551	841	9134
0	314	TSUG.CAN	0.347	555	6772
0	315	ABIE.BAL	0.692	430	3498
0	315	ACER.RUB	0.651	830	8011
0	315	ACER.SAH	0.614	1148	11618
0	315	BETU.ALL	0.692	1250	8974
0	315	BETU.PAP	0.786	969	5535
0	315	FAGU.GRA	0	0	0
0	315	LARI.LAR	0.786	459	3930
0	315	PICE.GLA	0.651	1571	16417
0	315	PICE.MAR	0.614	1267	14863
0	315	PICE.RUB	0.498	3379	18192
0	315	PINU.BAN	0.786	1742	13525
0	315	PINU.RES	0	0	0
0	315	PINU.STR	0.041	23	6
0	315	POPU.TRE	0.786	1642	11150
0	315	QUER.RUB	0.041	25	6
0	315	THUJ.SPP.ALL	0.551	789	9107
0	315	TSUG.CAN	0.324	477	6573
0	316	ABIE.BAL	0.692	450	3527
0	316	ACER.RUB	0.692	995	8191
0	316	ACER.SAH	0.651	1192	12602
0	316	BETU.ALL	0.692	1351	8951
0	316	BETU.PAP	0.786	982	5554
0	316	FAGU.GRA	0	0	0
0	316	LARI.LAR	0.786	439	4021
0	316	PICE.GLA	0.651	1621	17056
0	316	PICE.MAR	0.614	1406	14521
0	316	PICE.RUB	0.523	2660	17623
0	316	PINU.BAN	0.786	1836	13717
0	316	PINU.RES	0.053	1702	1603
0	316	PINU.STR	0.498	512	7375
0	316	POPU.TRE	0.786	1773	11261
0	316	QUER.RUB	0.372	938	12542
0	316	THUJ.SPP.ALL	0.581	858	9464
0	316	TSUG.CAN	0.372	364	7261
0	317	ABIE.BAL	0.737	426	3412
0	317	ACER.RUB	0.737	1087	8641
0	317	ACER.SAH	0.692	1675	12474
0	317	BETU.ALL	0.692	1375	9382
0	317	BETU.PAP	0.838	988	5580
0	317	FAGU.GRA	0	0	0
0	317	LARI.LAR	0.786	537	3775
0	317	PICE.GLA	0.692	1592	17086
0	317	PICE.MAR	0.614	1355	14358
0	317	PICE.RUB	0.523	3738	18499
0	317	PINU.BAN	0.786	1870	13788
0	317	PINU.RES	0.498	968	9968
0	317	PINU.STR	0.581	770	8640
0	317	POPU.TRE	0.786	1777	11394
0	317	QUER.RUB	0.498	2022	14040
0	317	THUJ.SPP.ALL	0.581	894	9662
0	317	TSUG.CAN	0.435	718	7880
0	319	ABIE.BAL	0.737	432	3446
0	319	ACER.RUB	0.737	1072	8702
0	319	ACER.SAH	0.692	1380	12630
0	319	BETU.ALL	0.692	1434	9283
0	319	BETU.PAP	0.838	1012	5623
0	319	FAGU.GRA	0	0	0
0	319	LARI.LAR	0.786	417	3906
0	319	PICE.GLA	0.692	1673	16361
0	319	PICE.MAR	0.614	1367	14424
0	319	PICE.RUB	0.523	2593	19010
0	319	PINU.BAN	0.786	1895	13887
0	319	PINU.RES	0.498	896	10541
0	319	PINU.STR	0.614	804	8984
0	319	POPU.TRE	0.786	1773	11306
0	319	QUER.RUB	0.498	1608	15589
0	319	THUJ.SPP.ALL	0.581	875	9380
0	319	TSUG.CAN	0.435	732	8030
0	320	ABIE.BAL	0.692	460	3503
0	320	ACER.RUB	0.651	852	7621
0	320	ACER.SAH	0.614	1270	11530
0	320	BETU.ALL	0.692	1218	8718
0	320	BETU.PAP	0.786	945	5464
0	320	FAGU.GRA	0	0	0
0	320	LARI.LAR	0.786	518	3720
0	320	PICE.GLA	0.651	1573	16555
0	320	PICE.MAR	0.614	1387	14743
0	320	PICE.RUB	0.476	3167	18372
0	320	PINU.BAN	0.786	1695	13499
0	320	PINU.RES	0	0	0
0	320	PINU.STR	0	0	0
0	320	POPU.TRE	0.786	1712	11178
0	320	QUER.RUB	0.041	3	1
0	320	THUJ.SPP.ALL	0.523	772	8967
0	320	TSUG.CAN	0.144	362	5997
0	323	ABIE.BAL	0.737	431	3483
0	323	ACER.RUB	0.737	1101	8474
0	323	ACER.SAH	0.692	1501	12415
0	323	BETU.ALL	0.692	1422	9450
0	323	BETU.PAP	0.838	984	5525
0	323	FAGU.GRA	0	0	0
0	323	LARI.LAR	0.786	544	3799
0	323	PICE.GLA	0.692	1628	17147
0	323	PICE.MAR	0.614	1458	14286
0	323	PICE.RUB	0.523	3490	19089
0	323	PINU.BAN	0.786	1871	13985
0	323	PINU.RES	0.498	902	10144
0	323	PINU.STR	0.614	781	8970
0	323	POPU.TRE	0.786	1713	11246
0	323	QUER.RUB	0.498	1244	15139
0	323	THUJ.SPP.ALL	0.581	867	9499
0	323	TSUG.CAN	0.435	732	7907
0	328	ABIE.BAL	0.692	474	3539
0	328	ACER.RUB	0.651	727	7810
0	328	ACER.SAH	0.614	1500	11925
0	328	BETU.ALL	0.651	1304	8856
0	328	BETU.PAP	0.786	973	5409
0	328	FAGU.GRA	0	0	0
0	328	LARI.LAR	0.786	514	3983
0	328	PICE.GLA	0.651	1591	16375
0	328	PICE.MAR	0.614	1245	14819
0	328	PICE.RUB	0.455	3217	18160
0	328	PINU.BAN	0.786	1702	13605
0	328	PINU.RES	0	0	0
0	328	PINU.STR	0	0	0
0	328	POPU.TRE	0.786	1737	11145
0	328	QUER.RUB	0.041	4	1
0	328	THUJ.SPP.ALL	0.523	800	9099
0	328	TSUG.CAN	0.14	338	5752
0	339	ABIE.BAL	0.692	536	3565
0	339	ACER.RUB	0.651	817	7718
0	339	ACER.SAH	0.614	1205	11684
0	339	BETU.ALL	0.651	1248	9157
0	339	BETU.PAP	0.786	974	5475
0	339	FAGU.GRA	0	0	0
0	339	LARI.LAR	0.786	497	4151
0	339	PICE.GLA	0.651	1569	16703
0	339	PICE.MAR	0.614	1340	14968
0	339	PICE.RUB	0.455	3169	17810
0	339	PINU.BAN	0.786	1702	13718
0	339	PINU.RES	0	0	0
0	339	PINU.STR	0	0	0
0	339	POPU.TRE	0.786	1752	11218
0	339	QUER.RUB	0	0	0
0	339	THUJ.SPP.ALL	0.523	812	9148
0	339	TSUG.CAN	0.136	289	5585
0	346	ABIE.BAL	0.692	448	3481
0	346	ACER.RUB	0.651	951	8093
0	346	ACER.SAH	0.651	1439	12022
0	346	BETU.ALL	0.692	1298	9410
0	346	BETU.PAP	0.786	1002	5556
0	346	FAGU.GRA	0	0	0
0	346	LARI.LAR	0.786	459	4056
0	346	PICE.GLA	0.651	1614	16476
0	346	PICE.MAR	0.614	1383	14604
0	346	PICE.RUB	0.523	2998	18631
0	346	PINU.BAN	0.786	1813	13702
0	346	PINU.RES	0.042	103	43
0	346	PINU.STR	0.455	518	7001
0	346	POPU.TRE	0.786	1724	11158
0	346	QUER.RUB	0.359	1001	11983
0	346	THUJ.SPP.ALL	0.581	833	9510
0	346	TSUG.CAN	0.372	421	6833
0	359	ABIE.BAL	0.692	424	3557
0	359	ACER.RUB	0.651	866	7430
0	359	ACER.SAH	0.614	1152	12027
0	359	BETU.ALL	0.651	1261	8840
0	359	BETU.PAP	0.786	978	5486
0	359	FAGU.GRA	0	0	0
0	359	LARI.LAR	0.786	516	4036
0	359	PICE.GLA	0.651	1621	16290
0	359	PICE.MAR	0.614	1383	14869
0	359	PICE.RUB	0.455	3221	18752
0	359	PINU.BAN	0.786	1696	13609
0	359	PINU.RES	0	0	0
0	359	PINU.STR	0	0	0
0	359	POPU.TRE	0.786	1698	11194
0	359	QUER.RUB	0	0	0
0	359	THUJ.SPP.ALL	0.523	806	9037
0	359	TSUG.CAN	0.136	302	5462
0	360	ABIE.BAL	0.737	431	3493
0	360	ACER.RUB	0.786	1190	8948
0	360	ACER.SAH	0.692	1460	12663
0	360	BETU.ALL	0.692	1419	9418
0	360	BETU.PAP	0.838	993	5609
0	360	FAGU.GRA	0	0	0
0	360	LARI.LAR	0.786	504	3995
0	360	PICE.GLA	0.692	1668	16943
0	360	PICE.MAR	0.614	1453	14279
0	360	PICE.RUB	0.551	3721	18853
0	360	PINU.BAN	0.786	1926	13988
0	360	PINU.RES	0.581	1327	12159
0	360	PINU.STR	0.614	814	9580
0	360	POPU.TRE	0.786	1867	11366
0	360	QUER.RUB	0.581	1908	16018
0	360	THUJ.SPP.ALL	0.581	998	9630
0	360	TSUG.CAN	0.455	696	8525
0	365	ABIE.BAL	0.737	441	3170
0	365	ACER.RUB	0.786	1215	9154
0	365	ACER.SAH	0.692	1652	12594
0	365	BETU.ALL	0.737	1386	9650
0	365	BETU.PAP	0.838	992	5501
0	365	FAGU.GRA	0	0	0
0	365	LARI.LAR	0.838	470	3622
0	365	PICE.GLA	0.692	1678	16486
0	365	PICE.MAR	0.614	1057	13017
0	365	PICE.RUB	0.581	2204	19046
0	365	PINU.BAN	0.838	1891	14079
0	365	PINU.RES	0.737	1462	14000
0	365	PINU.STR	0.651	1228	11070
0	365	POPU.TRE	0.838	1749	11183
0	365	QUER.RUB	0.651	2513	17304
0	365	THUJ.SPP.ALL	0.614	1055	9899
0	365	TSUG.CAN	0.523	722	9393
0	367	ABIE.BAL	0.737	452	3309
0	367	ACER.RUB	0.786	1179	9062
0	367	ACER.SAH	0.692	1496	12166
0	367	BETU.ALL	0.737	1403	9367
0	367	BETU.PAP	0.838	881	5620
0	367	FAGU.GRA	0	0	0
0	367	LARI.LAR	0.838	455	3700
0	367	PICE.GLA	0.692	1599	16927
0	367	PICE.MAR	0.614	1305	13453
0	367	PICE.RUB	0.551	2616	18376
0	367	PINU.BAN	0.838	1858	13984
0	367	PINU.RES	0.737	1285	14262
0	367	PINU.STR	0.651	1177	10887
0	367	POPU.TRE	0.838	1714	11374
0	367	QUER.RUB	0.651	2139	15657
0	367	THUJ.SPP.ALL	0.614	1009	9821
0	367	TSUG.CAN	0.498	722	9070
0	368	ABIE.BAL	0.737	461	3244
0	368	ACER.RUB	0.786	1255	9213
0	368	ACER.SAH	0.737	1518	12359
0	368	BETU.ALL	0.737	1292	9110
0	368	BETU.PAP	0.838	1012	5391
0	368	FAGU.GRA	0.041	22	7
0	368	LARI.LAR	0.838	493	3853
0	368	PICE.GLA	0.692	1718	17140
0	368	PICE.MAR	0.614	1174	13144
0	368	PICE.RUB	0.581	2700	18624
0	368	PINU.BAN	0.838	1919	13829
0	368	PINU.RES	0.737	1500	14292
0	368	PINU.STR	0.651	1269	11595
0	368	POPU.TRE	0.838	1692	10915
0	368	QUER.RUB	0.614	1437	17267
0	368	THUJ.SPP.ALL	0.614	1123	10023
0	368	TSUG.CAN	0.523	740	9426
0	369	ABIE.BAL	0.737	437	3350
0	369	ACER.RUB	0.786	1171	9020
0	369	ACER.SAH	0.692	1760	12952
0	369	BETU.ALL	0.737	1407	9785
0	369	BETU.PAP	0.838	981	5376
0	369	FAGU.GRA	0	0	0
0	369	LARI.LAR	0.786	511	3975
0	369	PICE.GLA	0.692	1717	16715
0	369	PICE.MAR	0.614	1332	13711
0	369	PICE.RUB	0.581	3473	18807
0	369	PINU.BAN	0.838	1877	13715
0	369	PINU.RES	0.651	1132	13336
0	369	PINU.STR	0.651	1032	10494
0	369	POPU.TRE	0.838	1709	10986
0	369	QUER.RUB	0.651	2299	16753
0	369	THUJ.SPP.ALL	0.614	1045	9857
0	369	TSUG.CAN	0.476	674	9017
0	370	ABIE.BAL	0.737	463	3080
0	370	ACER.RUB	0.786	1250	9266
0	370	ACER.SAH	0.737	1619	11939
0	370	BETU.ALL	0.737	1310	8832
0	370	BETU.PAP	0.838	874	5373
0	370	FAGU.GRA	0.476	809	11190
0	370	LARI.LAR	0.838	431	3536
0	370	PICE.GLA	0.692	1620	16449
0	370	PICE.MAR	0.614	1167	12395
0	370	PICE.RUB	0.614	2544	18762
0	370	PINU.BAN	0.838	1934	13984
0	370	PINU.RES	0.737	1986	15583
0	370	PINU.STR	0.737	1506	11980
0	370	POPU.TRE	0.838	1608	11079
0	370	QUER.RUB	0.651	1845	17090
0	370	THUJ.SPP.ALL	0.614	1194	10240
0	370	TSUG.CAN	0.581	913	10083
0	371	ABIE.BAL	0.737	395	3236
0	371	ACER.RUB	0.786	1301	9091
0	371	ACER.SAH	0.737	1847	12243
0	371	BETU.ALL	0.737	1449	9251
0	371	BETU.PAP	0.838	954	5516
0	371	FAGU.GRA	0	0	0
0	371	LARI.LAR	0.838	491	3620
0	371	PICE.GLA	0.692	1643	16733
0	371	PICE.MAR	0.614	1167	13336
0	371	PICE.RUB	0.581	2938	18758
0	371	PINU.BAN	0.838	1912	14001
0	371	PINU.RES	0.737	1469	14322
0	371	PINU.STR	0.651	1231	11785
0	371	POPU.TRE	0.838	1667	11210
0	371	QUER.RUB	0.651	1804	17391
0	371	THUJ.SPP.ALL	0.614	1069	9880
0	371	TSUG.CAN	0.523	742	9876
0	372	ABIE.BAL	0.737	428	3241
0	372	ACER.RUB	0.786	1144	8967
0	372	ACER.SAH	0.692	1608	12062
0	372	BETU.ALL	0.737	1352	9372
0	372	BETU.PAP	0.838	955	5510
0	372	FAGU.GRA	0	0	0
0	372	LARI.LAR	0.838	494	3587
0	372	PICE.GLA	0.692	1680	16710
0	372	PICE.MAR	0.614	1407	13297
0	372	PICE.RUB	0.581	3678	18812
0	372	PINU.BAN	0.838	1862	13804
0	372	PINU.RES	0.651	1192	13791
0	372	PINU.STR	0.651	1097	10662
0	372	POPU.TRE	0.838	1612	11213
0	372	QUER.RUB	0.651	2036	16519
0	372	THUJ.SPP.ALL	0.614	999	9839
0	372	TSUG.CAN	0.498	699	9288
0	373	ABIE.BAL	0.737	402	3281
0	373	ACER.RUB	0.786	1184	9178
0	373	ACER.SAH	0.737	1262	12793
0	373	BETU.ALL	0.737	1409	9303
0	373	BETU.PAP	0.838	976	5490
0	373	FAGU.GRA	0	0	0
0	373	LARI.LAR	0.838	415	3606
0	373	PICE.GLA	0.692	1717	16483
0	373	PICE.MAR	0.614	1234	13561
0	373	PICE.RUB	0.581	3277	18356
0	373	PINU.BAN	0.838	1943	13997
0	373	PINU.RES	0.737	1502	14076
0	373	PINU.STR	0.651	1241	10923
0	373	POPU.TRE	0.838	1669	11184
0	373	QUER.RUB	0.651	2153	17221
0	373	THUJ.SPP.ALL	0.614	1048	10040
0	373	TSUG.CAN	0.523	694	9610
0	375	ABIE.BAL	0.737	597	3205
0	375	ACER.RUB	0.786	1107	8822
0	375	ACER.SAH	0.692	1531	11820
0	375	BETU.ALL	0.737	1340	9257
0	375	BETU.PAP	0.838	948	5476
0	375	FAGU.GRA	0	0	0
0	375	LARI.LAR	0.786	405	3581
0	375	PICE.GLA	0.692	1630	16937
0	375	PICE.MAR	0.614	1246	13401
0	375	PICE.RUB	0.581	3214	18845
0	375	PINU.BAN	0.786	1918	13914
0	375	PINU.RES	0.651	1415	12653
0	375	PINU.STR	0.651	895	10043
0	375	POPU.TRE	0.838	1731	11126
0	375	QUER.RUB	0.614	2034	15460
0	375	THUJ.SPP.ALL	0.614	1001	9956
0	375	TSUG.CAN	0.455	696	8655
0	376	ABIE.BAL	0.737	392	3229
0	376	ACER.RUB	0.786	1223	9145
0	376	ACER.SAH	0.737	1366	11836
0	376	BETU.ALL	0.737	1359	9143
0	376	BETU.PAP	0.838	921	5432
0	376	FAGU.GRA	0.041	40	13
0	376	LARI.LAR	0.838	519	3720
0	376	PICE.GLA	0.692	1646	16221
0	376	PICE.MAR	0.581	1084	12951
0	376	PICE.RUB	0.581	3509	18617
0	376	PINU.BAN	0.838	1906	13882
0	376	PINU.RES	0.737	1510	14136
0	376	PINU.STR	0.651	1291	10984
0	376	POPU.TRE	0.838	1738	10919
0	376	QUER.RUB	0.651	1954	16997
0	376	THUJ.SPP.ALL	0.614	1133	10186
0	376	TSUG.CAN	0.523	768	9736
0	380	ABIE.BAL	0.737	524	3208
0	380	ACER.RUB	0.786	1195	9059
0	380	ACER.SAH	0.737	1636	11936
0	380	BETU.ALL	0.737	1380	9201
0	380	BETU.PAP	0.838	960	5509
0	380	FAGU.GRA	0	0	0
0	380	LARI.LAR	0.838	432	3616
0	380	PICE.GLA	0.692	1628	16523
0	380	PICE.MAR	0.614	1364	13131
0	380	PICE.RUB	0.581	3090	18372
0	380	PINU.BAN	0.838	1903	14056
0	380	PINU.RES	0.737	1278	13741
0	380	PINU.STR	0.651	1177	10508
0	380	POPU.TRE	0.838	1698	11165
0	380	QUER.RUB	0.651	1955	16636
0	380	THUJ.SPP.ALL	0.614	1039	9996
0	380	TSUG.CAN	0.523	723	9547
0	385	ABIE.BAL	0.737	487	3633
0	385	ACER.RUB	0.737	1241	9006
0	385	ACER.SAH	0.692	1665	13114
0	385	BETU.ALL	0.692	1507	9247
0	385	BETU.PAP	0.838	1039	5593
0	385	FAGU.GRA	0	0	0
0	385	LARI.LAR	0.786	462	4198
0	385	PICE.GLA	0.692	1742	16794
0	385	PICE.MAR	0.614	1424	15059
0	385	PICE.RUB	0.551	3142	18969
0	385	PINU.BAN	0.786	1921	14013
0	385	PINU.RES	0.551	998	11712
0	385	PINU.STR	0.614	783	9264
0	385	POPU.TRE	0.786	1839	11422
0	385	QUER.RUB	0.498	1934	16831
0	385	THUJ.SPP.ALL	0.581	963	9814
0	385	TSUG.CAN	0.435	677	8821
0	386	ABIE.BAL	0.737	573	3634
0	386	ACER.RUB	0.737	1350	9139
0	386	ACER.SAH	0.692	1998	13289
0	386	BETU.ALL	0.692	1604	9542
0	386	BETU.PAP	0.838	1063	5577
0	386	FAGU.GRA	0	0	0
0	386	LARI.LAR	0.786	426	4383
0	386	PICE.GLA	0.692	1783	17514
0	386	PICE.MAR	0.614	1366	15270
0	386	PICE.RUB	0.581	2721	19323
0	386	PINU.BAN	0.786	2005	14063
0	386	PINU.RES	0.651	1290	13133
0	386	PINU.STR	0.651	1058	10669
0	386	POPU.TRE	0.786	2004	11542
0	386	QUER.RUB	0.581	1576	18240
0	386	THUJ.SPP.ALL	0.581	1110	10043
0	386	TSUG.CAN	0.455	721	9522
0	387	ABIE.BAL	0.692	498	3565
0	387	ACER.RUB	0.737	1007	8562
0	387	ACER.SAH	0.651	1437	12005
0	387	BETU.ALL	0.692	1353	9122
0	387	BETU.PAP	0.786	1045	5555
0	387	FAGU.GRA	0	0	0
0	387	LARI.LAR	0.786	450	3974
0	387	PICE.GLA	0.651	1657	16986
0	387	PICE.MAR	0.614	1379	14696
0	387	PICE.RUB	0.523	3121	18333
0	387	PINU.BAN	0.786	1848	13889
0	387	PINU.RES	0.043	194	94
0	387	PINU.STR	0.455	964	7911
0	387	POPU.TRE	0.786	1757	11218
0	387	QUER.RUB	0.372	939	13663
0	387	THUJ.SPP.ALL	0.581	860	9326
0	387	TSUG.CAN	0.372	652	7649
0	388	ABIE.BAL	0.692	441	3540
0	388	ACER.RUB	0.737	961	8410
0	388	ACER.SAH	0.614	1198	12032
0	388	BETU.ALL	0.692	1326	9090
0	388	BETU.PAP	0.786	1032	5622
0	388	FAGU.GRA	0	0	0
0	388	LARI.LAR	0.786	471	3966
0	388	PICE.GLA	0.651	1655	16707
0	388	PICE.MAR	0.614	1372	14744
0	388	PICE.RUB	0.523	3401	18482
0	388	PINU.BAN	0.786	1801	13792
0	388	PINU.RES	0.042	106	51
0	388	PINU.STR	0.418	1005	7505
0	388	POPU.TRE	0.786	1793	11145
0	388	QUER.RUB	0.372	880	12543
0	388	THUJ.SPP.ALL	0.581	865	9224
0	388	TSUG.CAN	0.372	570	6963
0	389	ABIE.BAL	0.737	428	3510
0	389	ACER.RUB	0.786	1539	9611
0	389	ACER.SAH	0.737	1862	13526
0	389	BETU.ALL	0.737	1606	8959
0	389	BETU.PAP	0.838	1045	5533
0	389	FAGU.GRA	0.476	962	12437
0	389	LARI.LAR	0.838	458	4448
0	389	PICE.GLA	0.692	1755	17277
0	389	PICE.MAR	0.614	1260	14429
0	389	PICE.RUB	0.614	2975	19452
0	389	PINU.BAN	0.838	2003	14035
0	389	PINU.RES	0.737	2113	16004
0	389	PINU.STR	0.737	1634	12189
0	389	POPU.TRE	0.838	1900	11289
0	389	QUER.RUB	0.651	2075	21462
0	389	THUJ.SPP.ALL	0.614	1286	10594
0	389	TSUG.CAN	0.581	978	10773
0	390	ABIE.BAL	0.737	575	3633
0	390	ACER.RUB	0.737	1281	8980
0	390	ACER.SAH	0.692	2095	13763
0	390	BETU.ALL	0.692	1598	9491
0	390	BETU.PAP	0.838	1058	5653
0	390	FAGU.GRA	0	0	0
0	390	LARI.LAR	0.786	414	4379
0	390	PICE.GLA	0.692	1791	17103
0	390	PICE.MAR	0.614	1331	15161
0	390	PICE.RUB	0.581	2559	19177
0	390	PINU.BAN	0.786	1975	13760
0	390	PINU.RES	0.581	1295	12689
0	390	PINU.STR	0.651	989	10255
0	390	POPU.TRE	0.786	1928	11205
0	390	QUER.RUB	0.581	1387	19304
0	390	THUJ.SPP.ALL	0.581	1098	9886
0	390	TSUG.CAN	0.455	722	9359
0	391	ABIE.BAL	0.737	454	3555
0	391	ACER.RUB	0.786	1354	9309
0	391	ACER.SAH	0.737	1885	13414
0	391	BETU.ALL	0.737	1524	9592
0	391	BETU.PAP	0.838	1055	5535
0	391	FAGU.GRA	0	0	0
0	391	LARI.LAR	0.838	468	4277
0	391	PICE.GLA	0.692	1771	16869
0	391	PICE.MAR	0.614	1474	14810
0	391	PICE.RUB	0.581	2362	19417
0	391	PINU.BAN	0.838	1952	13977
0	391	PINU.RES	0.737	1682	14300
0	391	PINU.STR	0.651	1275	10931
0	391	POPU.TRE	0.838	1812	11297
0	391	QUER.RUB	0.651	1629	20436
0	391	THUJ.SPP.ALL	0.614	1127	10050
0	391	TSUG.CAN	0.523	773	9926
0	393	ABIE.BAL	0.737	524	3690
0	393	ACER.RUB	0.786	1300	9298
0	393	ACER.SAH	0.692	1709	13871
0	393	BETU.ALL	0.737	1476	9682
0	393	BETU.PAP	0.838	1038	5656
0	393	FAGU.GRA	0	0	0
0	393	LARI.LAR	0.786	460	4450
0	393	PICE.GLA	0.692	1802	17598
0	393	PICE.MAR	0.614	1363	15085
0	393	PICE.RUB	0.581	2452	20356
0	393	PINU.BAN	0.786	1987	14107
0	393	PINU.RES	0.651	1295	13284
0	393	PINU.STR	0.651	1139	10474
0	393	POPU.TRE	0.786	1931	11333
0	393	QUER.RUB	0.614	1596	20307
0	393	THUJ.SPP.ALL	0.614	1134	10097
0	393	TSUG.CAN	0.476	746	9092
0	394	ABIE.BAL	0.692	442	3550
0	394	ACER.RUB	0.737	1031	8591
0	394	ACER.SAH	0.651	1588	12342
0	394	BETU.ALL	0.692	1384	9162
0	394	BETU.PAP	0.786	1010	5502
0	394	FAGU.GRA	0	0	0
0	394	LARI.LAR	0.786	378	4075
0	394	PICE.GLA	0.651	1702	16986
0	394	PICE.MAR	0.614	1439	14846
0	394	PICE.RUB	0.523	3189	19451
0	394	PINU.BAN	0.786	1850	13790
0	394	PINU.RES	0.052	1527	1504
0	394	PINU.STR	0.476	587	7965
0	394	POPU.TRE	0.786	1808	11342
0	394	QUER.RUB	0.372	860	13861
0	394	THUJ.SPP.ALL	0.581	856	9666
0	394	TSUG.CAN	0.372	580	7423
0	397	ABIE.BAL	0.737	447	3456
0	397	ACER.RUB	0.786	1477	9301
0	397	ACER.SAH	0.737	1806	13374
0	397	BETU.ALL	0.737	1528	9442
0	397	BETU.PAP	0.838	1025	5548
0	397	FAGU.GRA	0.476	861	11222
0	397	LARI.LAR	0.838	464	4334
0	397	PICE.GLA	0.692	1757	17142
0	397	PICE.MAR	0.614	1320	14077
0	397	PICE.RUB	0.614	2310	19488
0	397	PINU.BAN	0.838	1995	14005
0	397	PINU.RES	0.737	2061	15940
0	397	PINU.STR	0.737	1588	11978
0	397	POPU.TRE	0.838	1855	11418
0	397	QUER.RUB	0.651	1855	21811
0	397	THUJ.SPP.ALL	0.614	1224	10305
0	397	TSUG.CAN	0.551	968	10477
0	400	ABIE.BAL	0.737	470	3569
0	400	ACER.RUB	0.786	1582	9760
0	400	ACER.SAH	0.737	1818	13078
0	400	BETU.ALL	0.737	1571	9256
0	400	BETU.PAP	0.944	983	5594
0	400	FAGU.GRA	0.581	1033	13495
0	400	LARI.LAR	0.838	472	4534
0	400	PICE.GLA	0.692	1800	16810
0	400	PICE.MAR	0.614	1350	14483
0	400	PICE.RUB	0.614	2811	19687
0	400	PINU.BAN	0.838	2012	14205
0	400	PINU.RES	0.737	2182	15718
0	400	PINU.STR	0.737	1685	12128
0	400	POPU.TRE	0.838	1914	11288
0	400	QUER.RUB	0.737	2330	23562
0	400	THUJ.SPP.ALL	0.614	1295	10552
0	400	TSUG.CAN	0.581	1117	10590
0	414	ABIE.BAL	0.737	397	3270
0	414	ACER.RUB	0.786	1267	9170
0	414	ACER.SAH	0.737	1588	12356
0	414	BETU.ALL	0.737	1370	9222
0	414	BETU.PAP	0.838	930	5484
0	414	FAGU.GRA	0.041	70	25
0	414	LARI.LAR	0.838	470	3794
0	414	PICE.GLA	0.692	1711	16775
0	414	PICE.MAR	0.614	1078	13560
0	414	PICE.RUB	0.581	3337	18200
0	414	PINU.BAN	0.838	1951	13894
0	414	PINU.RES	0.737	1667	14654
0	414	PINU.STR	0.692	1379	11181
0	414	POPU.TRE	0.838	1663	11039
0	414	QUER.RUB	0.651	1373	17596
0	414	THUJ.SPP.ALL	0.614	1202	10098
0	414	TSUG.CAN	0.523	819	9944
0	415	ABIE.BAL	0.737	400	3477
0	415	ACER.RUB	0.737	1116	8681
0	415	ACER.SAH	0.692	1547	12384
0	415	BETU.ALL	0.692	1395	9336
0	415	BETU.PAP	0.838	992	5640
0	415	FAGU.GRA	0	0	0
0	415	LARI.LAR	0.786	492	4061
0	415	PICE.GLA	0.692	1672	17163
0	415	PICE.MAR	0.614	1331	14693
0	415	PICE.RUB	0.523	2937	18674
0	415	PINU.BAN	0.786	1884	13715
0	415	PINU.RES	0.498	974	10692
0	415	PINU.STR	0.614	789	8920
0	415	POPU.TRE	0.786	1775	11118
0	415	QUER.RUB	0.498	1844	14815
0	415	THUJ.SPP.ALL	0.581	957	9893
0	415	TSUG.CAN	0.435	729	7702
0	416	ABIE.BAL	0.737	479	3488
0	416	ACER.RUB	0.737	960	8498
0	416	ACER.SAH	0.651	1824	12467
0	416	BETU.ALL	0.692	1388	9219
0	416	BETU.PAP	0.786	1050	5487
0	416	FAGU.GRA	0	0	0
0	416	LARI.LAR	0.786	502	3999
0	416	PICE.GLA	0.651	1633	16681
0	416	PICE.MAR	0.614	1379	14568
0	416	PICE.RUB	0.523	2501	18199
0	416	PINU.BAN	0.786	1870	13995
0	416	PINU.RES	0.498	1202	9682
0	416	PINU.STR	0.498	591	8225
0	416	POPU.TRE	0.786	1804	11222
0	416	QUER.RUB	0.418	1282	13898
0	416	THUJ.SPP.ALL	0.581	851	9306
0	416	TSUG.CAN	0.418	706	7622
0	421	ABIE.BAL	0.737	563	3642
0	421	ACER.RUB	0.786	1554	9487
0	421	ACER.SAH	0.737	2089	13692
0	421	BETU.ALL	0.737	1638	9390
0	421	BETU.PAP	0.838	1054	5575
0	421	FAGU.GRA	0.455	803	11147
0	421	LARI.LAR	0.838	457	4548
0	421	PICE.GLA	0.692	1777	17066
0	421	PICE.MAR	0.614	1263	14669
0	421	PICE.RUB	0.614	2222	20009
0	421	PINU.BAN	0.838	2029	13952
0	421	PINU.RES	0.737	2003	15461
0	421	PINU.STR	0.737	1545	12132
0	421	POPU.TRE	0.838	1932	11357
0	421	QUER.RUB	0.651	2163	22137
0	421	THUJ.SPP.ALL	0.614	1236	10265
0	421	TSUG.CAN	0.551	1016	10721
0	425	ABIE.BAL	0.737	506	3542
0	425	ACER.RUB	0.786	1381	9412
0	425	ACER.SAH	0.737	1806	13256
0	425	BETU.ALL	0.737	1552	9540
0	425	BETU.PAP	0.838	1039	5554
0	425	FAGU.GRA	0.041	52	19
0	425	LARI.LAR	0.838	476	4439
0	425	PICE.GLA	0.692	1752	17264
0	425	PICE.MAR	0.614	1367	14651
0	425	PICE.RUB	0.581	2507	19317
0	425	PINU.BAN	0.838	1958	14092
0	425	PINU.RES	0.737	1710	14652
0	425	PINU.STR	0.651	1375	11729
0	425	POPU.TRE	0.838	1927	11402
0	425	QUER.RUB	0.651	1837	21373
0	425	THUJ.SPP.ALL	0.614	1184	10341
0	425	TSUG.CAN	0.523	871	10082
0	428	ABIE.BAL	0.737	403	3176
0	428	ACER.RUB	0.786	1251	9095
0	428	ACER.SAH	0.737	1888	12398
0	428	BETU.ALL	0.737	1390	9498
0	428	BETU.PAP	0.838	903	5370
0	428	FAGU.GRA	0.041	130	44
0	428	LARI.LAR	0.786	457	3923
0	428	PICE.GLA	0.692	1691	17061
0	428	PICE.MAR	0.581	1053	13119
0	428	PICE.RUB	0.581	3281	18696
0	428	PINU.BAN	0.838	1896	13778
0	428	PINU.RES	0.737	1740	15129
0	428	PINU.STR	0.692	1385	11569
0	428	POPU.TRE	0.838	1545	11054
0	428	QUER.RUB	0.651	1849	17488
0	428	THUJ.SPP.ALL	0.614	1193	10171
0	428	TSUG.CAN	0.523	852	10091
0	432	ABIE.BAL	0.737	448	3493
0	432	ACER.RUB	0.786	1329	9179
0	432	ACER.SAH	0.737	1646	12824
0	432	BETU.ALL	0.737	1491	9395
0	432	BETU.PAP	0.838	976	5548
0	432	FAGU.GRA	0.041	4	1
0	432	LARI.LAR	0.838	439	4366
0	432	PICE.GLA	0.692	1737	16738
0	432	PICE.MAR	0.614	1293	14468
0	432	PICE.RUB	0.581	2702	19255
0	432	PINU.BAN	0.838	1930	13908
0	432	PINU.RES	0.737	1454	14404
0	432	PINU.STR	0.651	1243	10676
0	432	POPU.TRE	0.838	1849	11285
0	432	QUER.RUB	0.651	1534	19189
0	432	THUJ.SPP.ALL	0.614	1175	9956
0	432	TSUG.CAN	0.523	749	9315
0	433	ABIE.BAL	0.737	406	3526
0	433	ACER.RUB	0.786	1193	9181
0	433	ACER.SAH	0.737	1979	12995
0	433	BETU.ALL	0.737	1409	9783
0	433	BETU.PAP	0.838	1008	5553
0	433	FAGU.GRA	0	0	0
0	433	LARI.LAR	0.786	443	4224
0	433	PICE.GLA	0.692	1712	17331
0	433	PICE.MAR	0.614	1216	14249
0	433	PICE.RUB	0.581	3011	19874
0	433	PINU.BAN	0.786	2003	14121
0	433	PINU.RES	0.737	1292	13620
0	433	PINU.STR	0.651	1181	10813
0	433	POPU.TRE	0.838	1799	11431
0	433	QUER.RUB	0.614	1742	18220
0	433	THUJ.SPP.ALL	0.614	1109	10355
0	433	TSUG.CAN	0.498	702	9440
0	434	ABIE.BAL	0.737	497	3596
0	434	ACER.RUB	0.786	1256	8949
0	434	ACER.SAH	0.692	1885	13269
0	434	BETU.ALL	0.737	1433	9363
0	434	BETU.PAP	0.838	1036	5604
0	434	FAGU.GRA	0	0	0
0	434	LARI.LAR	0.786	479	4393
0	434	PICE.GLA	0.692	1732	16567
0	434	PICE.MAR	0.614	1384	14842
0	434	PICE.RUB	0.581	2268	19367
0	434	PINU.BAN	0.786	1974	13908
0	434	PINU.RES	0.737	1115	13637
0	434	PINU.STR	0.651	1120	10455
0	434	POPU.TRE	0.838	1847	11194
0	434	QUER.RUB	0.614	1494	19293
0	434	THUJ.SPP.ALL	0.614	1141	9891
0	434	TSUG.CAN	0.476	736	9152
0	435	ABIE.BAL	0.737	419	3463
0	435	ACER.RUB	0.786	1194	9015
0	435	ACER.SAH	0.692	2113	12821
0	435	BETU.ALL	0.692	1448	9169
0	435	BETU.PAP	0.838	999	5541
0	435	FAGU.GRA	0	0	0
0	435	LARI.LAR	0.786	526	4068
0	435	PICE.GLA	0.692	1674	16636
0	435	PICE.MAR	0.614	1398	14147
0	435	PICE.RUB	0.551	3453	19264
0	435	PINU.BAN	0.786	1963	13980
0	435	PINU.RES	0.651	1179	13491
0	435	PINU.STR	0.651	1032	10690
0	435	POPU.TRE	0.786	1690	11304
0	435	QUER.RUB	0.614	1668	17254
0	435	THUJ.SPP.ALL	0.581	1071	9838
0	435	TSUG.CAN	0.476	698	9208
0	436	ABIE.BAL	0.737	464	3420
0	436	ACER.RUB	0.786	1371	9135
0	436	ACER.SAH	0.737	2008	12698
0	436	BETU.ALL	0.737	1465	9170
0	436	BETU.PAP	0.838	1058	5453
0	436	FAGU.GRA	0.041	19	7
0	436	LARI.LAR	0.838	487	4333
0	436	PICE.GLA	0.692	1748	17006
0	436	PICE.MAR	0.614	1269	14556
0	436	PICE.RUB	0.581	2901	19073
0	436	PINU.BAN	0.838	1978	13736
0	436	PINU.RES	0.737	1662	14546
0	436	PINU.STR	0.651	1390	11216
0	436	POPU.TRE	0.838	1819	11216
0	436	QUER.RUB	0.614	1445	19610
0	436	THUJ.SPP.ALL	0.614	1188	10556
0	436	TSUG.CAN	0.523	808	10026
0	437	ABIE.BAL	0.737	442	3547
0	437	ACER.RUB	0.786	1255	9008
0	437	ACER.SAH	0.737	1720	12929
0	437	BETU.ALL	0.737	1441	9091
0	437	BETU.PAP	0.838	1051	5466
0	437	FAGU.GRA	0	0	0
0	437	LARI.LAR	0.786	445	4266
0	437	PICE.GLA	0.692	1753	16682
0	437	PICE.MAR	0.614	1368	14484
0	437	PICE.RUB	0.551	3265	19090
0	437	PINU.BAN	0.838	1930	13779
0	437	PINU.RES	0.737	1353	13367
0	437	PINU.STR	0.651	1185	10872
0	437	POPU.TRE	0.838	1820	11356
0	437	QUER.RUB	0.651	1687	19091
0	437	THUJ.SPP.ALL	0.614	1167	10139
0	437	TSUG.CAN	0.498	741	8936
0	438	ABIE.BAL	0.737	479	3557
0	438	ACER.RUB	0.786	1356	9493
0	438	ACER.SAH	0.737	1653	12553
0	438	BETU.ALL	0.737	1460	9324
0	438	BETU.PAP	0.838	999	5596
0	438	FAGU.GRA	0.041	5	1
0	438	LARI.LAR	0.838	441	4549
0	438	PICE.GLA	0.692	1779	16656
0	438	PICE.MAR	0.614	1453	14539
0	438	PICE.RUB	0.581	2332	19561
0	438	PINU.BAN	0.838	1947	13972
0	438	PINU.RES	0.737	1648	14954
0	438	PINU.STR	0.651	1357	11304
0	438	POPU.TRE	0.838	1830	11326
0	438	QUER.RUB	0.651	1777	20288
0	438	THUJ.SPP.ALL	0.614	1218	10315
0	438	TSUG.CAN	0.523	807	10124
0	439	ABIE.BAL	0.737	431	3464
0	439	ACER.RUB	0.786	1299	9208
0	439	ACER.SAH	0.737	1844	13695
0	439	BETU.ALL	0.737	1366	9442
0	439	BETU.PAP	0.838	1014	5590
0	439	FAGU.GRA	0.041	4	1
0	439	LARI.LAR	0.838	529	4163
0	439	PICE.GLA	0.692	1718	17334
0	439	PICE.MAR	0.614	1235	14097
0	439	PICE.RUB	0.581	3869	19398
0	439	PINU.BAN	0.838	1943	14168
0	439	PINU.RES	0.737	1489	14195
0	439	PINU.STR	0.651	1248	11056
0	439	POPU.TRE	0.838	1811	11334
0	439	QUER.RUB	0.614	1560	19175
0	439	THUJ.SPP.ALL	0.614	1133	10393
0	439	TSUG.CAN	0.498	728	9539
0	440	ABIE.BAL	0.737	450	3378
0	440	ACER.RUB	0.786	1366	9407
0	440	ACER.SAH	0.737	2152	12958
0	440	BETU.ALL	0.737	1462	9399
0	440	BETU.PAP	0.838	995	5408
0	440	FAGU.GRA	0.041	100	35
0	440	LARI.LAR	0.838	607	4133
0	440	PICE.GLA	0.692	1750	16641
0	440	PICE.MAR	0.614	1280	14022
0	440	PICE.RUB	0.581	2398	18664
0	440	PINU.BAN	0.838	1946	13901
0	440	PINU.RES	0.737	1780	14909
0	440	PINU.STR	0.737	1430	11710
0	440	POPU.TRE	0.838	1761	11209
0	440	QUER.RUB	0.651	1593	20111
0	440	THUJ.SPP.ALL	0.614	1207	10487
0	440	TSUG.CAN	0.523	868	10378
0	441	ABIE.BAL	0.737	440	3485
0	441	ACER.RUB	0.786	1287	9234
0	441	ACER.SAH	0.737	1612	13284
0	441	BETU.ALL	0.737	1462	9599
0	441	BETU.PAP	0.838	1019	5508
0	441	FAGU.GRA	0.041	4	1
0	441	LARI.LAR	0.786	489	4390
0	441	PICE.GLA	0.692	1754	16393
0	441	PICE.MAR	0.614	1285	14312
0	441	PICE.RUB	0.581	2706	18712
0	441	PINU.BAN	0.838	1912	13904
0	441	PINU.RES	0.737	1310	14283
0	441	PINU.STR	0.651	1196	10711
0	441	POPU.TRE	0.838	1829	11303
0	441	QUER.RUB	0.651	1563	19943
0	441	THUJ.SPP.ALL	0.614	1157	10348
0	441	TSUG.CAN	0.498	718	9761
0	443	ABIE.BAL	0.737	437	3491
0	443	ACER.RUB	0.786	1227	9263
0	443	ACER.SAH	0.737	1721	13267
0	443	BETU.ALL	0.737	1474	9041
0	443	BETU.PAP	0.838	993	5518
0	443	FAGU.GRA	0.041	5	1
0	443	LARI.LAR	0.838	491	4227
0	443	PICE.GLA	0.692	1704	16742
0	443	PICE.MAR	0.614	1248	14033
0	443	PICE.RUB	0.581	3042	18972
0	443	PINU.BAN	0.838	1940	14002
0	443	PINU.RES	0.737	1574	13957
0	443	PINU.STR	0.651	1285	11333
0	443	POPU.TRE	0.838	1824	11165
0	443	QUER.RUB	0.651	1756	18345
0	443	THUJ.SPP.ALL	0.614	1157	10005
0	443	TSUG.CAN	0.523	746	9653
0	444	ABIE.BAL	0.737	395	3484
0	444	ACER.RUB	0.786	1206	9136
0	444	ACER.SAH	0.737	1985	13190
0	444	BETU.ALL	0.737	1428	9398
0	444	BETU.PAP	0.838	999	5562
0	444	FAGU.GRA	0.041	5	2
0	444	LARI.LAR	0.838	526	4108
0	444	PICE.GLA	0.692	1678	17166
0	444	PICE.MAR	0.614	1235	13956
0	444	PICE.RUB	0.581	3380	18967
0	444	PINU.BAN	0.838	1951	14094
0	444	PINU.RES	0.737	1432	14441
0	444	PINU.STR	0.651	1228	10985
0	444	POPU.TRE	0.838	1850	11272
0	444	QUER.RUB	0.614	1459	18774
0	444	THUJ.SPP.ALL	0.614	1102	10200
0	444	TSUG.CAN	0.523	758	9858
0	445	ABIE.BAL	0.737	433	3412
0	445	ACER.RUB	0.786	1368	9287
0	445	ACER.SAH	0.737	1516	13347
0	445	BETU.ALL	0.737	1467	9194
0	445	BETU.PAP	0.838	1022	5537
0	445	FAGU.GRA	0.041	114	38
0	445	LARI.LAR	0.838	467	4245
0	445	PICE.GLA	0.692	1751	17130
0	445	PICE.MAR	0.614	1237	14331
0	445	PICE.RUB	0.581	2149	18718
0	445	PINU.BAN	0.838	1945	14133
0	445	PINU.RES	0.737	1850	15346
0	445	PINU.STR	0.737	1444	11537
0	445	POPU.TRE	0.838	1841	11384
0	445	QUER.RUB	0.651	1455	20443
0	445	THUJ.SPP.ALL	0.614	1223	10161
0	445	TSUG.CAN	0.523	900	10222
0	446	ABIE.BAL	0.737	530	3634
0	446	ACER.RUB	0.737	1277	8918
0	446	ACER.SAH	0.692	1647	13151
0	446	BETU.ALL	0.692	1565	9610
0	446	BETU.PAP	0.838	1026	5484
0	446	FAGU.GRA	0	0	0
0	446	LARI.LAR	0.786	477	4464
0	446	PICE.GLA	0.692	1733	16849
0	446	PICE.MAR	0.614	1431	14870
0	446	PICE.RUB	0.581	3300	19049
0	446	PINU.BAN	0.786	1937	13898
0	446	PINU.RES	0.581	1361	12417
0	446	PINU.STR	0.651	922	10150
0	446	POPU.TRE	0.786	1862	11221
0	446	QUER.RUB	0.581	1629	18190
0	446	THUJ.SPP.ALL	0.581	1184	10055
0	446	TSUG.CAN	0.455	695	9427
0	448	ABIE.BAL	0.737	407	3523
0	448	ACER.RUB	0.786	1311	9178
0	448	ACER.SAH	0.737	1797	12690
0	448	BETU.ALL	0.737	1440	9198
0	448	BETU.PAP	0.838	1005	5527
0	448	FAGU.GRA	0	0	0
0	448	LARI.LAR	0.786	458	4289
0	448	PICE.GLA	0.692	1752	16333
0	448	PICE.MAR	0.614	1279	14184
0	448	PICE.RUB	0.581	2326	19381
0	448	PINU.BAN	0.838	1947	13985
0	448	PINU.RES	0.737	1389	14287
0	448	PINU.STR	0.651	1216	10961
0	448	POPU.TRE	0.838	1741	11064
0	448	QUER.RUB	0.614	1587	18204
0	448	THUJ.SPP.ALL	0.614	1201	10189
0	448	TSUG.CAN	0.498	773	8996
0	449	ABIE.BAL	0.737	495	3552
0	449	ACER.RUB	0.786	1341	9322
0	449	ACER.SAH	0.737	1928	13824
0	449	BETU.ALL	0.737	1488	9444
0	449	BETU.PAP	0.838	1045	5625
0	449	FAGU.GRA	0.041	15	6
0	449	LARI.LAR	0.838	439	4438
0	449	PICE.GLA	0.692	1760	17145
0	449	PICE.MAR	0.614	1335	14690
0	449	PICE.RUB	0.581	2430	19038
0	449	PINU.BAN	0.838	1966	14012
0	449	PINU.RES	0.737	1612	14745
0	449	PINU.STR	0.651	1330	11671
0	449	POPU.TRE	0.838	1841	11298
0	449	QUER.RUB	0.651	1604	20052
0	449	THUJ.SPP.ALL	0.614	1198	10501
0	449	TSUG.CAN	0.523	797	9688
0	450	ABIE.BAL	0.737	415	3619
0	450	ACER.RUB	0.786	1286	9181
0	450	ACER.SAH	0.737	1752	13099
0	450	BETU.ALL	0.737	1482	9458
0	450	BETU.PAP	0.838	1017	5613
0	450	FAGU.GRA	0	0	0
0	450	LARI.LAR	0.786	450	4082
0	450	PICE.GLA	0.692	1736	17254
0	450	PICE.MAR	0.614	1326	14968
0	450	PICE.RUB	0.581	2848	19649
0	450	PINU.BAN	0.786	1990	14079
0	450	PINU.RES	0.651	1159	13283
0	450	PINU.STR	0.651	1136	10732
0	450	POPU.TRE	0.838	1861	11332
0	450	QUER.RUB	0.614	1556	18904
0	450	THUJ.SPP.ALL	0.614	970	9876
0	450	TSUG.CAN	0.476	732	9490
0	451	ABIE.BAL	0.737	422	3469
0	451	ACER.RUB	0.786	1363	9427
0	451	ACER.SAH	0.737	1591	13400
0	451	BETU.ALL	0.737	1511	9403
0	451	BETU.PAP	0.838	974	5444
0	451	FAGU.GRA	0.418	678	10131
0	451	LARI.LAR	0.838	415	4470
0	451	PICE.GLA	0.692	1742	16432
0	451	PICE.MAR	0.614	1083	13946
0	451	PICE.RUB	0.614	2420	19410
0	451	PINU.BAN	0.838	1961	14013
0	451	PINU.RES	0.737	1977	15706
0	451	PINU.STR	0.737	1507	11795
0	451	POPU.TRE	0.838	1754	11224
0	451	QUER.RUB	0.651	1752	19354
0	451	THUJ.SPP.ALL	0.614	1324	10764
0	451	TSUG.CAN	0.551	903	10482
0	453	ABIE.BAL	0.737	420	3289
0	453	ACER.RUB	0.786	1247	9153
0	453	ACER.SAH	0.737	2036	12903
0	453	BETU.ALL	0.737	1369	9030
0	453	BETU.PAP	0.838	943	5475
0	453	FAGU.GRA	0.041	8	3
0	453	LARI.LAR	0.786	583	3675
0	453	PICE.GLA	0.692	1691	16563
0	453	PICE.MAR	0.614	1138	13385
0	453	PICE.RUB	0.581	2896	19160
0	453	PINU.BAN	0.838	1909	14023
0	453	PINU.RES	0.737	1441	14183
0	453	PINU.STR	0.651	1265	11191
0	453	POPU.TRE	0.838	1766	11267
0	453	QUER.RUB	0.651	1934	17156
0	453	THUJ.SPP.ALL	0.614	1054	10180
0	453	TSUG.CAN	0.523	747	9861
0	462	ABIE.BAL	0.737	475	3526
0	462	ACER.RUB	0.786	1421	9534
0	462	ACER.SAH	0.737	1752	13184
0	462	BETU.ALL	0.737	1517	9400
0	462	BETU.PAP	0.838	1010	5536
0	462	FAGU.GRA	0.112	827	6956
0	462	LARI.LAR	0.838	431	4471
0	462	PICE.GLA	0.692	1725	16766
0	462	PICE.MAR	0.614	1298	14326
0	462	PICE.RUB	0.614	2653	19268
0	462	PINU.BAN	0.838	1973	13976
0	462	PINU.RES	0.737	1876	15175
0	462	PINU.STR	0.737	1453	12011
0	462	POPU.TRE	0.838	1900	11285
0	462	QUER.RUB	0.651	1828	21275
0	462	THUJ.SPP.ALL	0.614	1267	10350
0	462	TSUG.CAN	0.523	929	9883
0	464	ABIE.BAL	0.737	492	3164
0	464	ACER.RUB	0.786	1265	9368
0	464	ACER.SAH	0.737	2559	12833
0	464	BETU.ALL	0.737	1385	9398
0	464	BETU.PAP	0.838	912	5372
0	464	FAGU.GRA	0.455	724	9911
0	464	LARI.LAR	0.838	457	3785
0	464	PICE.GLA	0.692	1744	16243
0	464	PICE.MAR	0.614	997	12858
0	464	PICE.RUB	0.614	2840	19298
0	464	PINU.BAN	0.838	1906	13804
0	464	PINU.RES	0.737	1917	15531
0	464	PINU.STR	0.737	1517	11612
0	464	POPU.TRE	0.838	1716	10953
0	464	QUER.RUB	0.651	1847	18011
0	464	THUJ.SPP.ALL	0.614	1287	10295
0	464	TSUG.CAN	0.551	907	10051
0	465	ABIE.BAL	0.737	410	3221
0	465	ACER.RUB	0.786	1306	9097
0	465	ACER.SAH	0.737	1464	12099
0	465	BETU.ALL	0.737	1374	9481
0	465	BETU.PAP	0.838	889	5418
0	465	FAGU.GRA	0.372	782	8779
0	465	LARI.LAR	0.786	470	3977
0	465	PICE.GLA	0.692	1606	16610
0	465	PICE.MAR	0.614	1093	12609
0	465	PICE.RUB	0.614	3954	18752
0	465	PINU.BAN	0.838	1916	13941
0	465	PINU.RES	0.737	1824	15239
0	465	PINU.STR	0.737	1444	11661
0	465	POPU.TRE	0.838	1728	10992
0	465	QUER.RUB	0.651	2518	17557
0	465	THUJ.SPP.ALL	0.614	1237	10360
0	465	TSUG.CAN	0.523	917	10078
0	468	ABIE.BAL	0.737	414	3190
0	468	ACER.RUB	0.786	1453	9471
0	468	ACER.SAH	0.737	1601	12463
0	468	BETU.ALL	0.737	1409	8929
0	468	BETU.PAP	0.893	905	5363
0	468	FAGU.GRA	0.523	969	12884
0	468	LARI.LAR	0.838	461	4042
0	468	PICE.GLA	0.692	1693	16492
0	468	PICE.MAR	0.614	1127	12928
0	468	PICE.RUB	0.614	2609	19367
0	468	PINU.BAN	0.838	1987	14069
0	468	PINU.RES	0.737	2063	16193
0	468	PINU.STR	0.737	1623	12187
0	468	POPU.TRE	0.838	1685	11121
0	468	QUER.RUB	0.737	2587	19178
0	468	THUJ.SPP.ALL	0.614	1460	10950
0	468	TSUG.CAN	0.581	985	10517
0	469	ABIE.BAL	0.737	460	3357
0	469	ACER.RUB	0.786	1342	9231
0	469	ACER.SAH	0.737	1856	12777
0	469	BETU.ALL	0.737	1480	9098
0	469	BETU.PAP	0.838	961	5370
0	469	FAGU.GRA	0.041	70	28
0	469	LARI.LAR	0.838	490	4125
0	469	PICE.GLA	0.692	1638	16547
0	469	PICE.MAR	0.614	1213	13731
0	469	PICE.RUB	0.581	2111	19038
0	469	PINU.BAN	0.838	1959	13777
0	469	PINU.RES	0.737	1655	14397
0	469	PINU.STR	0.651	1360	11095
0	469	POPU.TRE	0.838	1757	11157
0	469	QUER.RUB	0.651	1534	19220
0	469	THUJ.SPP.ALL	0.614	1206	10127
0	469	TSUG.CAN	0.523	794	9715
0	470	ABIE.BAL	0.737	485	3529
0	470	ACER.RUB	0.737	1195	8678
0	470	ACER.SAH	0.692	1627	13193
0	470	BETU.ALL	0.692	1507	9113
0	470	BETU.PAP	0.838	1045	5549
0	470	FAGU.GRA	0	0	0
0	470	LARI.LAR	0.786	448	4211
0	470	PICE.GLA	0.692	1712	17344
0	470	PICE.MAR	0.614	1495	14672
0	470	PICE.RUB	0.523	2256	18962
0	470	PINU.BAN	0.786	1879	13858
0	470	PINU.RES	0.551	1199	11368
0	470	PINU.STR	0.581	746	9215
0	470	POPU.TRE	0.786	1830	11128
0	470	QUER.RUB	0.498	1638	16186
0	470	THUJ.SPP.ALL	0.581	1037	9962
0	470	TSUG.CAN	0.435	656	8527
0	471	ABIE.BAL	0.737	448	3289
0	471	ACER.RUB	0.786	1488	9456
0	471	ACER.SAH	0.737	1875	13130
0	471	BETU.ALL	0.737	1525	9639
0	471	BETU.PAP	0.893	951	5659
0	471	FAGU.GRA	0.581	930	13088
0	471	LARI.LAR	0.838	582	4317
0	471	PICE.GLA	0.692	1700	16513
0	471	PICE.MAR	0.614	1304	13255
0	471	PICE.RUB	0.614	2464	18472
0	471	PINU.BAN	0.838	1973	13790
0	471	PINU.RES	0.737	2111	15684
0	471	PINU.STR	0.737	1646	12352
0	471	POPU.TRE	0.838	1738	11298
0	471	QUER.RUB	0.737	2074	19524
0	471	THUJ.SPP.ALL	0.614	1458	10875
0	471	TSUG.CAN	0.581	1041	10484
0	472	ABIE.BAL	0.737	432	3280
0	472	ACER.RUB	0.838	1422	9314
0	472	ACER.SAH	0.737	1825	12583
0	472	BETU.ALL	0.737	1502	9477
0	472	BETU.PAP	0.893	914	5440
0	472	FAGU.GRA	0.614	998	13501
0	472	LARI.LAR	0.838	444	4261
0	472	PICE.GLA	0.692	1782	16921
0	472	PICE.MAR	0.614	1108	12985
0	472	PICE.RUB	0.614	3371	19154
0	472	PINU.BAN	0.838	1967	14024
0	472	PINU.RES	0.737	2154	16019
0	472	PINU.STR	0.737	1655	12436
0	472	POPU.TRE	0.838	1752	11299
0	472	QUER.RUB	0.692	1713	21175
0	472	THUJ.SPP.ALL	0.614	1510	10870
0	472	TSUG.CAN	0.581	1057	10862
0	473	ABIE.BAL	0.737	390	3176
0	473	ACER.RUB	0.786	1391	9158
0	473	ACER.SAH	0.737	1982	11781
0	473	BETU.ALL	0.737	1421	9081
0	473	BETU.PAP	0.838	913	5390
0	473	FAGU.GRA	0.476	939	12337
0	473	LARI.LAR	0.786	474	4071
0	473	PICE.GLA	0.692	1618	16493
0	473	PICE.MAR	0.614	1064	12626
0	473	PICE.RUB	0.614	2892	19077
0	473	PINU.BAN	0.838	1951	13963
0	473	PINU.RES	0.737	2053	15147
0	473	PINU.STR	0.737	1571	11990
0	473	POPU.TRE	0.838	1704	11081
0	473	QUER.RUB	0.651	1638	17705
0	473	THUJ.SPP.ALL	0.614	1483	10825
0	473	TSUG.CAN	0.581	937	10484
0	474	ABIE.BAL	0.737	419	3288
0	474	ACER.RUB	0.786	1334	9138
0	474	ACER.SAH	0.737	2005	13383
0	474	BETU.ALL	0.737	1473	9114
0	474	BETU.PAP	0.838	921	5435
0	474	FAGU.GRA	0.476	790	11267
0	474	LARI.LAR	0.838	468	4192
0	474	PICE.GLA	0.692	1690	16444
0	474	PICE.MAR	0.614	1191	13065
0	474	PICE.RUB	0.614	3476	18786
0	474	PINU.BAN	0.838	1950	13941
0	474	PINU.RES	0.737	2040	15635
0	474	PINU.STR	0.737	1557	11914
0	474	POPU.TRE	0.838	1645	11002
0	474	QUER.RUB	0.651	1798	20258
0	474	THUJ.SPP.ALL	0.614	1407	10497
0	474	TSUG.CAN	0.581	936	10335
0	475	ABIE.BAL	0.737	421	3273
0	475	ACER.RUB	0.786	1398	9343
0	475	ACER.SAH	0.737	2141	12973
0	475	BETU.ALL	0.737	1379	9126
0	475	BETU.PAP	0.893	929	5520
0	475	FAGU.GRA	0.523	963	12472
0	475	LARI.LAR	0.838	467	4314
0	475	PICE.GLA	0.692	1727	16913
0	475	PICE.MAR	0.614	1282	13134
0	475	PICE.RUB	0.614	2772	18703
0	475	PINU.BAN	0.838	1953	14009
0	475	PINU.RES	0.737	2081	15569
0	475	PINU.STR	0.737	1618	12453
0	475	POPU.TRE	0.838	1733	11074
0	475	QUER.RUB	0.737	1900	19711
0	475	THUJ.SPP.ALL	0.614	1530	10842
0	475	TSUG.CAN	0.581	1044	10176
0	476	ABIE.BAL	0.737	395	3410
0	476	ACER.RUB	0.786	1561	9589
0	476	ACER.SAH	0.737	1857	13132
0	476	BETU.ALL	0.737	1585	9243
0	476	BETU.PAP	0.838	1037	5586
0	476	FAGU.GRA	0.476	995	12914
0	476	LARI.LAR	0.838	455	4445
0	476	PICE.GLA	0.692	1767	16856
0	476	PICE.MAR	0.614	1266	13858
0	476	PICE.RUB	0.614	3084	19231
0	476	PINU.BAN	0.838	2008	14139
0	476	PINU.RES	0.737	2083	15215
0	476	PINU.STR	0.737	1627	12235
0	476	POPU.TRE	0.838	1912	11322
0	476	QUER.RUB	0.651	1734	21951
0	476	THUJ.SPP.ALL	0.614	1300	10742
0	476	TSUG.CAN	0.581	991	10227
0	477	ABIE.BAL	0.737	421	3335
0	477	ACER.RUB	0.786	1426	9416
0	477	ACER.SAH	0.737	1587	12809
0	477	BETU.ALL	0.737	1522	9759
0	477	BETU.PAP	0.893	967	5534
0	477	FAGU.GRA	0.523	967	12677
0	477	LARI.LAR	0.838	467	4390
0	477	PICE.GLA	0.692	1755	16762
0	477	PICE.MAR	0.614	1137	13850
0	477	PICE.RUB	0.614	2803	19235
0	477	PINU.BAN	0.838	1955	14057
0	477	PINU.RES	0.737	2112	15547
0	477	PINU.STR	0.737	1618	12321
0	477	POPU.TRE	0.838	1725	11215
0	477	QUER.RUB	0.737	2145	21154
0	477	THUJ.SPP.ALL	0.614	1441	10695
0	477	TSUG.CAN	0.581	1022	10664
0	478	ABIE.BAL	0.737	408	3234
0	478	ACER.RUB	0.786	1381	9236
0	478	ACER.SAH	0.737	2033	12778
0	478	BETU.ALL	0.737	1371	9403
0	478	BETU.PAP	0.893	938	5384
0	478	FAGU.GRA	0.523	949	12487
0	478	LARI.LAR	0.838	467	4130
0	478	PICE.GLA	0.692	1690	16559
0	478	PICE.MAR	0.581	1161	13130
0	478	PICE.RUB	0.614	3041	19129
0	478	PINU.BAN	0.838	1933	13878
0	478	PINU.RES	0.737	2081	15621
0	478	PINU.STR	0.737	1603	12246
0	478	POPU.TRE	0.838	1746	11168
0	478	QUER.RUB	0.737	1393	19362
0	478	THUJ.SPP.ALL	0.614	1446	10555
0	478	TSUG.CAN	0.581	1008	10236
0	479	ABIE.BAL	0.737	420	3358
0	479	ACER.RUB	0.786	1396	9317
0	479	ACER.SAH	0.737	1676	12549
0	479	BETU.ALL	0.737	1513	9031
0	479	BETU.PAP	0.838	923	5538
0	479	FAGU.GRA	0.476	940	11642
0	479	LARI.LAR	0.838	503	4357
0	479	PICE.GLA	0.692	1744	16881
0	479	PICE.MAR	0.614	1033	13157
0	479	PICE.RUB	0.614	2377	18917
0	479	PINU.BAN	0.838	1968	14031
0	479	PINU.RES	0.737	2028	15750
0	479	PINU.STR	0.737	1585	12047
0	479	POPU.TRE	0.838	1744	11163
0	479	QUER.RUB	0.651	1911	21512
0	479	THUJ.SPP.ALL	0.614	1462	10692
0	479	TSUG.CAN	0.581	992	10349
0	480	ABIE.BAL	0.737	410	3375
0	480	ACER.RUB	0.786	1494	9439
0	480	ACER.SAH	0.737	2429	13898
0	480	BETU.ALL	0.737	1447	9555
0	480	BETU.PAP	0.838	960	5535
0	480	FAGU.GRA	0.476	959	11957
0	480	LARI.LAR	0.838	451	4404
0	480	PICE.GLA	0.692	1753	16762
0	480	PICE.MAR	0.614	1304	13667
0	480	PICE.RUB	0.614	2236	19080
0	480	PINU.BAN	0.838	1954	14056
0	480	PINU.RES	0.737	2060	15635
0	480	PINU.STR	0.737	1583	11965
0	480	POPU.TRE	0.838	1826	11200
0	480	QUER.RUB	0.651	2254	20919
0	480	THUJ.SPP.ALL	0.614	1486	10574
0	480	TSUG.CAN	0.581	964	10304
0	481	ABIE.BAL	0.737	433	3343
0	481	ACER.RUB	0.786	1433	9500
0	481	ACER.SAH	0.737	1699	13012
0	481	BETU.ALL	0.737	1487	9391
0	481	BETU.PAP	0.893	954	5538
0	481	FAGU.GRA	0.523	993	12721
0	481	LARI.LAR	0.838	562	4632
0	481	PICE.GLA	0.692	1714	16504
0	481	PICE.MAR	0.614	1115	13354
0	481	PICE.RUB	0.614	2677	19644
0	481	PINU.BAN	0.838	1973	14218
0	481	PINU.RES	0.737	2123	15831
0	481	PINU.STR	0.737	1672	12689
0	481	POPU.TRE	0.838	1806	11315
0	481	QUER.RUB	0.737	1885	20798
0	481	THUJ.SPP.ALL	0.614	1589	10929
0	481	TSUG.CAN	0.581	1059	10341
0	482	ABIE.BAL	0.737	519	3566
0	482	ACER.RUB	0.737	1213	8895
0	482	ACER.SAH	0.692	1696	12958
0	482	BETU.ALL	0.692	1514	9307
0	482	BETU.PAP	0.838	1034	5605
0	482	FAGU.GRA	0	0	0
0	482	LARI.LAR	0.786	448	4167
0	482	PICE.GLA	0.692	1758	16659
0	482	PICE.MAR	0.614	1387	14772
0	482	PICE.RUB	0.551	2579	18625
0	482	PINU.BAN	0.786	1958	13767
0	482	PINU.RES	0.581	1060	11992
0	482	PINU.STR	0.614	857	9909
0	482	POPU.TRE	0.786	1867	11327
0	482	QUER.RUB	0.581	1457	17082
0	482	THUJ.SPP.ALL	0.581	1042	9705
0	482	TSUG.CAN	0.455	668	8328
0	483	ABIE.BAL	0.737	408	3176
0	483	ACER.RUB	0.786	1358	9225
0	483	ACER.SAH	0.737	1991	12641
0	483	BETU.ALL	0.737	1423	9342
0	483	BETU.PAP	0.838	949	5487
0	483	FAGU.GRA	0.418	696	9381
0	483	LARI.LAR	0.838	481	3984
0	483	PICE.GLA	0.692	1641	16674
0	483	PICE.MAR	0.614	1431	12616
0	483	PICE.RUB	0.614	2741	18826
0	483	PINU.BAN	0.838	1913	13895
0	483	PINU.RES	0.737	1887	15228
0	483	PINU.STR	0.737	1500	11910
0	483	POPU.TRE	0.838	1572	10886
0	483	QUER.RUB	0.651	2021	17420
0	483	THUJ.SPP.ALL	0.614	1284	10739
0	483	TSUG.CAN	0.523	917	10179
0	484	ABIE.BAL	0.737	449	3380
0	484	ACER.RUB	0.786	1386	9366
0	484	ACER.SAH	0.737	1558	12779
0	484	BETU.ALL	0.737	1592	9264
0	484	BETU.PAP	0.893	959	5476
0	484	FAGU.GRA	0.581	921	13190
0	484	LARI.LAR	0.838	451	4398
0	484	PICE.GLA	0.692	1654	16851
0	484	PICE.MAR	0.614	1175	13328
0	484	PICE.RUB	0.614	3649	18936
0	484	PINU.BAN	0.838	1982	13918
0	484	PINU.RES	0.737	2091	15743
0	484	PINU.STR	0.737	1635	12149
0	484	POPU.TRE	0.838	1796	11225
0	484	QUER.RUB	0.737	2076	21748
0	484	THUJ.SPP.ALL	0.614	1511	10818
0	484	TSUG.CAN	0.581	1013	9997
0	485	ABIE.BAL	0.737	461	3305
0	485	ACER.RUB	0.786	1461	9556
0	485	ACER.SAH	0.737	1596	13013
0	485	BETU.ALL	0.737	1456	9611
0	485	BETU.PAP	0.893	989	5499
0	485	FAGU.GRA	0.523	965	12721
0	485	LARI.LAR	0.838	471	4271
0	485	PICE.GLA	0.692	1780	16544
0	485	PICE.MAR	0.614	1296	13201
0	485	PICE.RUB	0.614	2514	19228
0	485	PINU.BAN	0.838	1980	14053
0	485	PINU.RES	0.737	2077	15667
0	485	PINU.STR	0.737	1627	12050
0	485	POPU.TRE	0.838	1811	11181
0	485	QUER.RUB	0.737	1674	20388
0	485	THUJ.SPP.ALL	0.614	1478	10726
0	485	TSUG.CAN	0.581	1023	10346
0	487	ABIE.BAL	0.737	411	3283
0	487	ACER.RUB	0.786	1415	9206
0	487	ACER.SAH	0.737	1754	12033
0	487	BETU.ALL	0.737	1529	9281
0	487	BETU.PAP	0.838	916	5501
0	487	FAGU.GRA	0.476	881	11879
0	487	LARI.LAR	0.838	556	4188
0	487	PICE.GLA	0.692	1683	17374
0	487	PICE.MAR	0.614	1190	13234
0	487	PICE.RUB	0.614	2212	19111
0	487	PINU.BAN	0.838	1969	13837
0	487	PINU.RES	0.737	2050	15490
0	487	PINU.STR	0.737	1585	12021
0	487	POPU.TRE	0.838	1717	11093
0	487	QUER.RUB	0.651	1995	20554
0	487	THUJ.SPP.ALL	0.614	1338	10748
0	487	TSUG.CAN	0.581	979	10177
0	488	ABIE.BAL	0.737	498	3664
0	488	ACER.RUB	0.786	1487	9490
0	488	ACER.SAH	0.737	2112	13474
0	488	BETU.ALL	0.737	1589	9328
0	488	BETU.PAP	0.838	1065	5681
0	488	FAGU.GRA	0.359	835	8548
0	488	LARI.LAR	0.838	558	4734
0	488	PICE.GLA	0.692	1795	16751
0	488	PICE.MAR	0.614	1434	15170
0	488	PICE.RUB	0.581	2514	19597
0	488	PINU.BAN	0.838	1989	14015
0	488	PINU.RES	0.737	1897	14489
0	488	PINU.STR	0.737	1458	11601
0	488	POPU.TRE	0.838	1917	11288
0	488	QUER.RUB	0.651	2116	21932
0	488	THUJ.SPP.ALL	0.614	1273	10523
0	488	TSUG.CAN	0.523	963	9836
0	491	ABIE.BAL	0.737	525	3583
0	491	ACER.RUB	0.786	1531	9624
0	491	ACER.SAH	0.737	2006	13372
0	491	BETU.ALL	0.737	1649	9458
0	491	BETU.PAP	0.838	1063	5550
0	491	FAGU.GRA	0.418	750	10720
0	491	LARI.LAR	0.838	407	4487
0	491	PICE.GLA	0.692	1797	17569
0	491	PICE.MAR	0.614	1439	14701
0	491	PICE.RUB	0.614	2185	19760
0	491	PINU.BAN	0.838	1983	14021
0	491	PINU.RES	0.737	2002	15611
0	491	PINU.STR	0.737	1507	11935
0	491	POPU.TRE	0.838	1977	11367
0	491	QUER.RUB	0.651	2131	21931
0	491	THUJ.SPP.ALL	0.614	1217	10338
0	491	TSUG.CAN	0.523	1005	10939
0	493	ABIE.BAL	0.737	434	3161
0	493	ACER.RUB	0.786	1319	9252
0	493	ACER.SAH	0.737	1793	12098
0	493	BETU.ALL	0.737	1411	9431
0	493	BETU.PAP	0.838	941	5444
0	493	FAGU.GRA	0.418	690	10229
0	493	LARI.LAR	0.838	497	4131
0	493	PICE.GLA	0.692	1748	16515
0	493	PICE.MAR	0.614	1191	12855
0	493	PICE.RUB	0.614	3406	18529
0	493	PINU.BAN	0.838	1909	13935
0	493	PINU.RES	0.737	1923	15310
0	493	PINU.STR	0.737	1526	11732
0	493	POPU.TRE	0.838	1686	11172
0	493	QUER.RUB	0.651	1574	18896
0	493	THUJ.SPP.ALL	0.614	1421	10718
0	493	TSUG.CAN	0.523	911	10148
0	496	ABIE.BAL	0.786	454	3484
0	496	ACER.RUB	0.838	1638	9738
0	496	ACER.SAH	0.786	2068	14188
0	496	BETU.ALL	0.786	1500	9272
0	496	BETU.PAP	0.893	984	5527
0	496	FAGU.GRA	0.737	2042	16116
0	496	LARI.LAR	0.893	704	5053
0	496	PICE.GLA	0.692	1693	16691
0	496	PICE.MAR	0.614	1162	13707
0	496	PICE.RUB	0.614	2261	20495
0	496	PINU.BAN	0.893	1904	14107
0	496	PINU.RES	0.737	1848	14881
0	496	PINU.STR	0.838	1709	12826
0	496	POPU.TRE	0.893	1808	11265
0	496	QUER.RUB	0.737	2986	23731
0	496	THUJ.SPP.ALL	0.614	1568	11211
0	496	TSUG.CAN	0.614	1217	11012
0	497	ABIE.BAL	0.786	404	3386
0	497	ACER.RUB	0.838	1546	9872
0	497	ACER.SAH	0.786	2208	13481
0	497	BETU.ALL	0.786	1400	9458
0	497	BETU.PAP	0.893	985	5587
0	497	FAGU.GRA	0.737	1916	15627
0	497	LARI.LAR	0.893	665	4816
0	497	PICE.GLA	0.692	1721	16507
0	497	PICE.MAR	0.614	1161	13580
0	497	PICE.RUB	0.614	2259	19390
0	497	PINU.BAN	0.893	1955	13918
0	497	PINU.RES	0.786	1955	15614
0	497	PINU.STR	0.838	1693	12291
0	497	POPU.TRE	0.838	1867	11310
0	497	QUER.RUB	0.737	2702	22432
0	497	THUJ.SPP.ALL	0.614	1591	11173
0	497	TSUG.CAN	0.614	1173	10991
0	498	ABIE.BAL	0.737	569	3685
0	498	ACER.RUB	0.786	1701	9849
0	498	ACER.SAH	0.737	2385	13559
0	498	BETU.ALL	0.737	1662	9338
0	498	BETU.PAP	0.944	1017	5788
0	498	FAGU.GRA	0.614	1365	14450
0	498	LARI.LAR	0.838	684	5388
0	498	PICE.GLA	0.692	1869	17469
0	498	PICE.MAR	0.614	1513	15209
0	498	PICE.RUB	0.614	2918	21445
0	498	PINU.BAN	0.838	2000	14043
0	498	PINU.RES	0.786	2150	15992
0	498	PINU.STR	0.737	1782	12425
0	498	POPU.TRE	0.838	2007	11590
0	498	QUER.RUB	0.737	3024	23643
0	498	THUJ.SPP.ALL	0.614	1598	11458
0	498	TSUG.CAN	0.581	1138	10733
0	499	ABIE.BAL	0.692	467	3076
0	499	ACER.RUB	0.838	1340	9515
0	499	ACER.SAH	0.692	1511	11841
0	499	BETU.ALL	0.786	1292	8969
0	499	BETU.PAP	0.893	886	5269
0	499	FAGU.GRA	0.737	1875	15819
0	499	LARI.LAR	0.893	557	4399
0	499	PICE.GLA	0.692	1570	16755
0	499	PICE.MAR	0.614	1185	12027
0	499	PICE.RUB	0.614	2476	18817
0	499	PINU.BAN	0.893	1879	13966
0	499	PINU.RES	0.786	1931	15427
0	499	PINU.STR	0.838	1675	12943
0	499	POPU.TRE	0.838	1700	10968
0	499	QUER.RUB	0.737	1778	21421
0	499	THUJ.SPP.ALL	0.614	1555	11098
0	499	TSUG.CAN	0.614	1072	11094
0	500	ABIE.BAL	0.737	484	3265
0	500	ACER.RUB	0.838	1509	9461
0	500	ACER.SAH	0.737	1915	13693
0	500	BETU.ALL	0.737	1554	9773
0	500	BETU.PAP	0.893	895	5421
0	500	FAGU.GRA	0.737	1578	15263
0	500	LARI.LAR	0.838	526	4630
0	500	PICE.GLA	0.692	1707	16764
0	500	PICE.MAR	0.614	1257	13003
0	500	PICE.RUB	0.614	3406	19041
0	500	PINU.BAN	0.838	1977	13939
0	500	PINU.RES	0.786	2058	15782
0	500	PINU.STR	0.737	1782	12587
0	500	POPU.TRE	0.838	1761	11172
0	500	QUER.RUB	0.737	1842	20515
0	500	THUJ.SPP.ALL	0.614	1570	10953
0	500	TSUG.CAN	0.614	1096	10395
0	501	ABIE.BAL	0.786	547	3300
0	501	ACER.RUB	0.838	1510	9585
0	501	ACER.SAH	0.786	1706	12903
0	501	BETU.ALL	0.786	1473	9158
0	501	BETU.PAP	0.893	901	5434
0	501	FAGU.GRA	0.737	1805	15748
0	501	LARI.LAR	0.838	499	4759
0	501	PICE.GLA	0.692	1710	16745
0	501	PICE.MAR	0.614	1014	13053
0	501	PICE.RUB	0.614	3485	18911
0	501	PINU.BAN	0.893	1924	14079
0	501	PINU.RES	0.786	1971	15550
0	501	PINU.STR	0.838	1683	12337
0	501	POPU.TRE	0.838	1806	11225
0	501	QUER.RUB	0.737	2068	22005
0	501	THUJ.SPP.ALL	0.614	1561	11241
0	501	TSUG.CAN	0.614	1138	10845
0	502	ABIE.BAL	0.737	521	3006
0	502	ACER.RUB	0.838	1315	9079
0	502	ACER.SAH	0.737	1460	10818
0	502	BETU.ALL	0.737	1287	9141
0	502	BETU.PAP	0.893	856	5333
0	502	FAGU.GRA	0.614	1123	13896
0	502	LARI.LAR	0.838	553	4078
0	502	PICE.GLA	0.692	1616	16320
0	502	PICE.MAR	0.581	1357	12054
0	502	PICE.RUB	0.614	3466	19005
0	502	PINU.BAN	0.838	1921	13987
0	502	PINU.RES	0.786	2010	15960
0	502	PINU.STR	0.737	1642	12279
0	502	POPU.TRE	0.838	1592	10856
0	502	QUER.RUB	0.737	2237	18558
0	502	THUJ.SPP.ALL	0.614	1529	11038
0	502	TSUG.CAN	0.581	1014	10725
0	503	ABIE.BAL	0.786	437	3422
0	503	ACER.RUB	0.838	1616	9703
0	503	ACER.SAH	0.786	1907	13317
0	503	BETU.ALL	0.786	1419	9783
0	503	BETU.PAP	0.893	972	5553
0	503	FAGU.GRA	0.737	1770	15262
0	503	LARI.LAR	0.838	564	4877
0	503	PICE.GLA	0.692	1763	17139
0	503	PICE.MAR	0.614	1248	13761
0	503	PICE.RUB	0.614	2670	19704
0	503	PINU.BAN	0.838	2014	13947
0	503	PINU.RES	0.786	2020	15619
0	503	PINU.STR	0.838	1701	12628
0	503	POPU.TRE	0.838	1921	11318
0	503	QUER.RUB	0.737	2433	23122
0	503	THUJ.SPP.ALL	0.614	1571	11105
0	503	TSUG.CAN	0.614	1161	11440
0	504	ABIE.BAL	0.737	379	3068
0	504	ACER.RUB	0.786	1304	9346
0	504	ACER.SAH	0.737	1768	12296
0	504	BETU.ALL	0.737	1338	9610
0	504	BETU.PAP	0.838	911	5294
0	504	FAGU.GRA	0.476	795	11290
0	504	LARI.LAR	0.838	486	4138
0	504	PICE.GLA	0.692	1684	16639
0	504	PICE.MAR	0.614	1014	12180
0	504	PICE.RUB	0.614	3237	18673
0	504	PINU.BAN	0.838	1952	13725
0	504	PINU.RES	0.737	1989	15437
0	504	PINU.STR	0.737	1541	11865
0	504	POPU.TRE	0.838	1730	10867
0	504	QUER.RUB	0.651	1654	18199
0	504	THUJ.SPP.ALL	0.614	1536	10938
0	504	TSUG.CAN	0.581	927	9957
0	505	ABIE.BAL	0.737	618	3033
0	505	ACER.RUB	0.838	1407	9265
0	505	ACER.SAH	0.737	1483	11453
0	505	BETU.ALL	0.737	1440	9265
0	505	BETU.PAP	0.893	823	5365
0	505	FAGU.GRA	0.614	1393	14431
0	505	LARI.LAR	0.786	510	4200
0	505	PICE.GLA	0.692	1655	16496
0	505	PICE.MAR	0.581	974	11839
0	505	PICE.RUB	0.614	3356	18866
0	505	PINU.BAN	0.838	1925	13913
0	505	PINU.RES	0.786	2016	15482
0	505	PINU.STR	0.737	1699	12489
0	505	POPU.TRE	0.838	1566	10901
0	505	QUER.RUB	0.737	1373	19563
0	505	THUJ.SPP.ALL	0.614	1560	10970
0	505	TSUG.CAN	0.581	1010	10245
0	506	ABIE.BAL	0.786	530	3634
0	506	ACER.RUB	0.838	1691	9803
0	506	ACER.SAH	0.786	2003	13713
0	506	BETU.ALL	0.786	1607	9663
0	506	BETU.PAP	0.893	1019	5624
0	506	FAGU.GRA	0.737	1738	15244
0	506	LARI.LAR	0.838	683	5238
0	506	PICE.GLA	0.692	1823	17110
0	506	PICE.MAR	0.614	1445	14646
0	506	PICE.RUB	0.614	2595	20805
0	506	PINU.BAN	0.838	2032	14077
0	506	PINU.RES	0.786	2043	16065
0	506	PINU.STR	0.838	1702	12573
0	506	POPU.TRE	0.838	1995	11353
0	506	QUER.RUB	0.737	3191	23224
0	506	THUJ.SPP.ALL	0.614	1627	10970
0	506	TSUG.CAN	0.614	1218	10867
0	507	ABIE.BAL	0.786	453	3081
0	507	ACER.RUB	0.838	1442	9568
0	507	ACER.SAH	0.786	1496	12474
0	507	BETU.ALL	0.786	1370	9460
0	507	BETU.PAP	0.893	897	5412
0	507	FAGU.GRA	0.737	1743	15755
0	507	LARI.LAR	0.838	531	4484
0	507	PICE.GLA	0.692	1684	16782
0	507	PICE.MAR	0.614	1138	12774
0	507	PICE.RUB	0.614	2581	19441
0	507	PINU.BAN	0.893	1921	13966
0	507	PINU.RES	0.786	1974	15796
0	507	PINU.STR	0.838	1670	12559
0	507	POPU.TRE	0.838	1804	11036
0	507	QUER.RUB	0.737	1931	21349
0	507	THUJ.SPP.ALL	0.614	1554	10904
0	507	TSUG.CAN	0.614	1107	10540
0	508	ABIE.BAL	0.786	521	3178
0	508	ACER.RUB	0.944	1482	9800
0	508	ACER.SAH	0.786	1888	12396
0	508	BETU.ALL	0.737	1495	9139
0	508	BETU.PAP	0.893	917	5383
0	508	FAGU.GRA	0.737	2101	15856
0	508	LARI.LAR	0.893	577	4606
0	508	PICE.GLA	0.692	1674	16248
0	508	PICE.MAR	0.614	1297	12064
0	508	PICE.RUB	0.614	3150	19032
0	508	PINU.BAN	0.838	1939	13846
0	508	PINU.RES	0.737	2089	13788
0	508	PINU.STR	0.786	1772	12346
0	508	POPU.TRE	0.893	1780	11157
0	508	QUER.RUB	0.838	2086	22354
0	508	THUJ.SPP.ALL	0.614	1563	11047
0	508	TSUG.CAN	0.614	1236	11456
0	509	ABIE.BAL	0.786	400	3329
0	509	ACER.RUB	0.893	1570	9599
0	509	ACER.SAH	0.786	1747	13077
0	509	BETU.ALL	0.786	1438	9322
0	509	BETU.PAP	0.893	940	5481
0	509	FAGU.GRA	0.737	2040	15844
0	509	LARI.LAR	0.893	572	4912
0	509	PICE.GLA	0.692	1728	16688
0	509	PICE.MAR	0.614	1102	13238
0	509	PICE.RUB	0.614	3029	19334
0	509	PINU.BAN	0.838	1963	14025
0	509	PINU.RES	0.737	1740	15024
0	509	PINU.STR	0.786	1744	12616
0	509	POPU.TRE	0.893	1818	11264
0	509	QUER.RUB	0.786	2671	23255
0	509	THUJ.SPP.ALL	0.614	1565	11059
0	509	TSUG.CAN	0.614	1222	11080
0	513	ABIE.BAL	0.786	464	3417
0	513	ACER.RUB	0.838	1672	9999
0	513	ACER.SAH	0.786	2013	13766
0	513	BETU.ALL	0.786	1508	9316
0	513	BETU.PAP	0.893	976	5608
0	513	FAGU.GRA	0.737	2073	16588
0	513	LARI.LAR	0.893	697	5055
0	513	PICE.GLA	0.692	1702	16711
0	513	PICE.MAR	0.614	1271	13844
0	513	PICE.RUB	0.614	2638	19927
0	513	PINU.BAN	0.838	1994	13894
0	513	PINU.RES	0.737	1747	15105
0	513	PINU.STR	0.838	1719	12518
0	513	POPU.TRE	0.893	1872	11463
0	513	QUER.RUB	0.786	3205	23403
0	513	THUJ.SPP.ALL	0.614	1589	10851
0	513	TSUG.CAN	0.614	1212	10972
0	522	ABIE.BAL	0.737	422	3341
0	522	ACER.RUB	0.838	1460	9667
0	522	ACER.SAH	0.737	1986	13875
0	522	BETU.ALL	0.737	1488	9799
0	522	BETU.PAP	0.944	940	5452
0	522	FAGU.GRA	0.614	1189	13909
0	522	LARI.LAR	0.838	576	4689
0	522	PICE.GLA	0.692	1766	16629
0	522	PICE.MAR	0.614	1217	13804
0	522	PICE.RUB	0.614	2440	19513
0	522	PINU.BAN	0.838	1962	14084
0	522	PINU.RES	0.786	2126	15882
0	522	PINU.STR	0.737	1712	12562
0	522	POPU.TRE	0.838	1729	11257
0	522	QUER.RUB	0.737	2096	21922
0	522	THUJ.SPP.ALL	0.614	1594	11459
0	522	TSUG.CAN	0.581	1068	11022
0	528	ABIE.BAL	0.737	477	3489
0	528	ACER.RUB	0.786	1583	9457
0	528	ACER.SAH	0.737	2073	13303
0	528	BETU.ALL	0.737	1596	9214
0	528	BETU.PAP	0.838	1003	5559
0	528	FAGU.GRA	0.523	969	12782
0	528	LARI.LAR	0.838	608	4549
0	528	PICE.GLA	0.692	1780	16176
0	528	PICE.MAR	0.614	1167	14154
0	528	PICE.RUB	0.614	3042	19463
0	528	PINU.BAN	0.838	1993	13974
0	528	PINU.RES	0.737	2148	15713
0	528	PINU.STR	0.737	1636	12459
0	528	POPU.TRE	0.838	1766	11256
0	528	QUER.RUB	0.651	2091	21792
0	528	THUJ.SPP.ALL	0.614	1424	10571
0	528	TSUG.CAN	0.581	1018	10788
