LandisData "Dynamic Input Data"

>> WARNING - THIS IS A BIAS-CORRECTED INPUT FILE

>> The following multiplier was applied to all species's original maxB and maxANPP
>>	multiplier
>>	0.643475324

>> The following species' parameters (maxANPP and maxB) have also been modified

>>	species		averageMaxBiomassTarget	finalMultiplier
>>	ABIE.BAL	0.3			1.859746925

>>	year	landtype	species	probEst	maxANPP	maxB

0	90	ABIE.BAL	0.111	498	3297
0	90	ACER.RUB	0.143	714	5506
0	90	ACER.SAH	0.111	696	6264
0	90	BETU.ALL	0.125	708	5594
0	90	BETU.PAP	0.167	460	3123
0	90	FAGU.GRA	0.125	1018	10299
0	90	LARI.LAR	0.143	274	1751
0	90	PICE.GLA	0.111	689	9344
0	90	PICE.MAR	0.083	809	6365
0	90	PICE.RUB	0.083	2626	11263
0	90	PINU.BAN	0.167	1032	8767
0	90	PINU.RES	0.143	1143	9884
0	90	PINU.STR	0.1	899	7247
0	90	POPU.TRE	0.167	821	6372
0	90	QUER.RUB	0.083	2078	10124
0	90	THUJ.SPP.ALL	0.091	590	6170
0	90	TSUG.CAN	0.071	483	5984
0	91	ABIE.BAL	0.111	506	3489
0	91	ACER.RUB	0.143	746	5657
0	91	ACER.SAH	0.125	827	6994
0	91	BETU.ALL	0.125	753	5766
0	91	BETU.PAP	0.167	467	3280
0	91	FAGU.GRA	0.125	1050	10554
0	91	LARI.LAR	0.143	320	2072
0	91	PICE.GLA	0.111	752	9762
0	91	PICE.MAR	0.083	858	7226
0	91	PICE.RUB	0.083	1930	11648
0	91	PINU.BAN	0.167	1037	8763
0	91	PINU.RES	0.143	1173	9877
0	91	PINU.STR	0.1	914	7351
0	91	POPU.TRE	0.167	844	6636
0	91	QUER.RUB	0.091	1135	11650
0	91	THUJ.SPP.ALL	0.091	625	6227
0	91	TSUG.CAN	0.071	479	5788
0	92	ABIE.BAL	0.125	684	3193
0	92	ACER.RUB	0.143	686	5464
0	92	ACER.SAH	0.125	656	6318
0	92	BETU.ALL	0.125	672	5765
0	92	BETU.PAP	0.167	438	3082
0	92	FAGU.GRA	0.125	947	10197
0	92	LARI.LAR	0.143	298	1752
0	92	PICE.GLA	0.111	603	8822
0	92	PICE.MAR	0.083	822	6518
0	92	PICE.RUB	0.091	2702	11438
0	92	PINU.BAN	0.167	997	8787
0	92	PINU.RES	0.167	1080	10141
0	92	PINU.STR	0.111	847	7414
0	92	POPU.TRE	0.167	856	6382
0	92	QUER.RUB	0.091	1862	10830
0	92	THUJ.SPP.ALL	0.091	535	5943
0	92	TSUG.CAN	0.071	465	6055
0	93	ABIE.BAL	0.125	550	3613
0	93	ACER.RUB	0.143	735	5781
0	93	ACER.SAH	0.125	954	7751
0	93	BETU.ALL	0.125	694	5856
0	93	BETU.PAP	0.167	489	3232
0	93	FAGU.GRA	0.125	984	10613
0	93	LARI.LAR	0.167	283	2106
0	93	PICE.GLA	0.111	708	9612
0	93	PICE.MAR	0.083	685	7685
0	93	PICE.RUB	0.091	1880	11575
0	93	PINU.BAN	0.167	1015	8770
0	93	PINU.RES	0.167	1155	9915
0	93	PINU.STR	0.111	855	7450
0	93	POPU.TRE	0.167	888	6621
0	93	QUER.RUB	0.091	968	12959
0	93	THUJ.SPP.ALL	0.091	559	5873
0	93	TSUG.CAN	0.071	490	5822
0	94	ABIE.BAL	0.125	465	3654
0	94	ACER.RUB	0.143	752	5646
0	94	ACER.SAH	0.125	827	7582
0	94	BETU.ALL	0.125	799	5679
0	94	BETU.PAP	0.167	476	3270
0	94	FAGU.GRA	0.125	987	10225
0	94	LARI.LAR	0.167	245	2156
0	94	PICE.GLA	0.111	735	9481
0	94	PICE.MAR	0.091	654	7683
0	94	PICE.RUB	0.091	2145	11889
0	94	PINU.BAN	0.167	1024	8682
0	94	PINU.RES	0.143	1161	9489
0	94	PINU.STR	0.1	853	7061
0	94	POPU.TRE	0.167	873	6706
0	94	QUER.RUB	0.091	1014	12414
0	94	THUJ.SPP.ALL	0.091	557	6044
0	94	TSUG.CAN	0.067	473	5818
0	95	ABIE.BAL	0.111	577	3351
0	95	ACER.RUB	0.143	704	5473
0	95	ACER.SAH	0.111	883	6621
0	95	BETU.ALL	0.125	701	6002
0	95	BETU.PAP	0.167	460	3131
0	95	FAGU.GRA	0.125	947	10097
0	95	LARI.LAR	0.143	329	1886
0	95	PICE.GLA	0.111	645	9260
0	95	PICE.MAR	0.091	763	7106
0	95	PICE.RUB	0.091	2298	12151
0	95	PINU.BAN	0.167	992	8668
0	95	PINU.RES	0.143	1121	9886
0	95	PINU.STR	0.1	802	7034
0	95	POPU.TRE	0.167	822	6561
0	95	QUER.RUB	0.077	1349	10944
0	95	THUJ.SPP.ALL	0.091	523	5905
0	95	TSUG.CAN	0.067	421	5634
0	100	ABIE.BAL	0.111	537	3560
0	100	ACER.RUB	0.143	638	5282
0	100	ACER.SAH	0.111	676	7141
0	100	BETU.ALL	0.125	635	5563
0	100	BETU.PAP	0.167	430	3134
0	100	FAGU.GRA	0.111	862	9596
0	100	LARI.LAR	0.143	251	2073
0	100	PICE.GLA	0.111	593	8545
0	100	PICE.MAR	0.091	811	7542
0	100	PICE.RUB	0.083	2131	11557
0	100	PINU.BAN	0.167	926	8606
0	100	PINU.RES	0.143	1048	9474
0	100	PINU.STR	0.1	631	6467
0	100	POPU.TRE	0.167	747	6335
0	100	QUER.RUB	0.083	1170	10722
0	100	THUJ.SPP.ALL	0.091	515	5829
0	100	TSUG.CAN	0.067	378	5042
0	101	ABIE.BAL	0.111	590	3310
0	101	ACER.RUB	0.143	614	5159
0	101	ACER.SAH	0.111	658	6599
0	101	BETU.ALL	0.125	618	5563
0	101	BETU.PAP	0.167	418	3102
0	101	FAGU.GRA	0.111	830	9892
0	101	LARI.LAR	0.167	245	1921
0	101	PICE.GLA	0.111	594	8457
0	101	PICE.MAR	0.083	761	6991
0	101	PICE.RUB	0.083	2733	12064
0	101	PINU.BAN	0.167	1243	8297
0	101	PINU.RES	0.143	1039	9685
0	101	PINU.STR	0.1	621	6418
0	101	POPU.TRE	0.167	694	6244
0	101	QUER.RUB	0.083	1545	9851
0	101	THUJ.SPP.ALL	0.091	503	5674
0	101	TSUG.CAN	0.067	383	5218
0	102	ABIE.BAL	0.125	506	3649
0	102	ACER.RUB	0.143	652	5262
0	102	ACER.SAH	0.111	932	8012
0	102	BETU.ALL	0.125	669	5523
0	102	BETU.PAP	0.167	464	3199
0	102	FAGU.GRA	0.111	882	9908
0	102	LARI.LAR	0.167	252	2270
0	102	PICE.GLA	0.111	629	9314
0	102	PICE.MAR	0.091	748	7917
0	102	PICE.RUB	0.077	1913	12030
0	102	PINU.BAN	0.167	952	8621
0	102	PINU.RES	0.143	1073	9772
0	102	PINU.STR	0.083	628	6350
0	102	POPU.TRE	0.167	804	6403
0	102	QUER.RUB	0.067	840	11963
0	102	THUJ.SPP.ALL	0.091	533	5791
0	102	TSUG.CAN	0.062	375	5168
0	182	ABIE.BAL	0.125	448	3604
0	182	ACER.RUB	0.143	752	5631
0	182	ACER.SAH	0.111	801	7325
0	182	BETU.ALL	0.125	720	5706
0	182	BETU.PAP	0.167	511	3214
0	182	FAGU.GRA	0.111	1030	10466
0	182	LARI.LAR	0.143	270	2118
0	182	PICE.GLA	0.111	773	9666
0	182	PICE.MAR	0.083	781	7690
0	182	PICE.RUB	0.071	1739	11843
0	182	PINU.BAN	0.167	1055	8783
0	182	PINU.RES	0.143	1153	9792
0	182	PINU.STR	0.1	789	7123
0	182	POPU.TRE	0.167	927	6762
0	182	QUER.RUB	0.083	1021	10738
0	182	THUJ.SPP.ALL	0.091	597	6228
0	182	TSUG.CAN	0.067	411	5711
0	183	ABIE.BAL	0.111	697	3362
0	183	ACER.RUB	0.143	715	5314
0	183	ACER.SAH	0.111	938	6885
0	183	BETU.ALL	0.125	660	5832
0	183	BETU.PAP	0.143	499	3170
0	183	FAGU.GRA	0.111	1000	9995
0	183	LARI.LAR	0.143	282	1938
0	183	PICE.GLA	0.111	712	9392
0	183	PICE.MAR	0.083	789	7011
0	183	PICE.RUB	0.071	2773	11552
0	183	PINU.BAN	0.167	997	8711
0	183	PINU.RES	0.143	1149	9534
0	183	PINU.STR	0.1	738	6649
0	183	POPU.TRE	0.167	840	6414
0	183	QUER.RUB	0.067	1696	9557
0	183	THUJ.SPP.ALL	0.091	570	6294
0	183	TSUG.CAN	0.067	396	5233
0	184	ABIE.BAL	0.111	649	3273
0	184	ACER.RUB	0.111	583	5127
0	184	ACER.SAH	0.1	705	5800
0	184	BETU.ALL	0.111	705	5792
0	184	BETU.PAP	0.167	439	3146
0	184	FAGU.GRA	0.111	906	9882
0	184	LARI.LAR	0.143	290	1955
0	184	PICE.GLA	0.111	663	9016
0	184	PICE.MAR	0.083	754	6581
0	184	PICE.RUB	0.071	2500	10960
0	184	PINU.BAN	0.143	1035	8570
0	184	PINU.RES	0.125	1118	9615
0	184	PINU.STR	0.077	512	5654
0	184	POPU.TRE	0.143	825	6413
0	184	QUER.RUB	0.059	1118	8042
0	184	THUJ.SPP.ALL	0.083	624	6124
0	184	TSUG.CAN	0.059	529	4755
0	185	ABIE.BAL	0.111	580	3545
0	185	ACER.RUB	0.125	756	5257
0	185	ACER.SAH	0.1	918	7551
0	185	BETU.ALL	0.111	741	5612
0	185	BETU.PAP	0.167	499	3196
0	185	FAGU.GRA	0.111	941	10673
0	185	LARI.LAR	0.143	279	2241
0	185	PICE.GLA	0.111	734	9689
0	185	PICE.MAR	0.083	730	7709
0	185	PICE.RUB	0.071	2233	11646
0	185	PINU.BAN	0.143	1048	8591
0	185	PINU.RES	0.125	1143	9960
0	185	PINU.STR	0.077	484	6090
0	185	POPU.TRE	0.167	893	6550
0	185	QUER.RUB	0.059	1751	10042
0	185	THUJ.SPP.ALL	0.083	671	6190
0	185	TSUG.CAN	0.059	407	4665
0	186	ABIE.BAL	0.111	528	3496
0	186	ACER.RUB	0.143	712	5397
0	186	ACER.SAH	0.125	754	7220
0	186	BETU.ALL	0.125	726	5699
0	186	BETU.PAP	0.167	488	3228
0	186	FAGU.GRA	0.111	1003	10132
0	186	LARI.LAR	0.143	335	1999
0	186	PICE.GLA	0.111	728	9664
0	186	PICE.MAR	0.083	734	7397
0	186	PICE.RUB	0.071	1711	10994
0	186	PINU.BAN	0.167	988	8630
0	186	PINU.RES	0.143	1143	9888
0	186	PINU.STR	0.1	804	6673
0	186	POPU.TRE	0.167	835	6547
0	186	QUER.RUB	0.071	1353	10782
0	186	THUJ.SPP.ALL	0.091	573	6038
0	186	TSUG.CAN	0.067	429	5454
0	187	ABIE.BAL	0.111	679	3335
0	187	ACER.RUB	0.143	638	5309
0	187	ACER.SAH	0.111	604	5635
0	187	BETU.ALL	0.125	646	5539
0	187	BETU.PAP	0.167	440	3168
0	187	FAGU.GRA	0.111	941	10354
0	187	LARI.LAR	0.143	292	1668
0	187	PICE.GLA	0.111	646	9423
0	187	PICE.MAR	0.083	820	6619
0	187	PICE.RUB	0.071	2629	11063
0	187	PINU.BAN	0.167	975	8662
0	187	PINU.RES	0.143	1103	9749
0	187	PINU.STR	0.1	723	6625
0	187	POPU.TRE	0.167	766	6334
0	187	QUER.RUB	0.067	2384	9239
0	187	THUJ.SPP.ALL	0.091	523	5937
0	187	TSUG.CAN	0.067	386	4972
0	188	ABIE.BAL	0.111	606	3731
0	188	ACER.RUB	0.143	777	5584
0	188	ACER.SAH	0.125	1123	7534
0	188	BETU.ALL	0.125	726	5934
0	188	BETU.PAP	0.167	506	3252
0	188	FAGU.GRA	0.111	1035	10458
0	188	LARI.LAR	0.143	249	2141
0	188	PICE.GLA	0.111	764	9748
0	188	PICE.MAR	0.083	768	7626
0	188	PICE.RUB	0.083	2204	12005
0	188	PINU.BAN	0.167	1037	8812
0	188	PINU.RES	0.143	1157	9776
0	188	PINU.STR	0.1	826	6913
0	188	POPU.TRE	0.167	947	6682
0	188	QUER.RUB	0.083	883	11424
0	188	THUJ.SPP.ALL	0.091	577	6109
0	188	TSUG.CAN	0.067	424	5760
0	189	ABIE.BAL	0.111	510	3563
0	189	ACER.RUB	0.125	707	5337
0	189	ACER.SAH	0.1	770	7199
0	189	BETU.ALL	0.125	671	5486
0	189	BETU.PAP	0.167	491	3143
0	189	FAGU.GRA	0.111	936	9760
0	189	LARI.LAR	0.143	288	2207
0	189	PICE.GLA	0.111	733	9808
0	189	PICE.MAR	0.083	705	7688
0	189	PICE.RUB	0.071	1917	11271
0	189	PINU.BAN	0.167	1006	8637
0	189	PINU.RES	0.125	1166	9863
0	189	PINU.STR	0.077	488	6111
0	189	POPU.TRE	0.167	891	6547
0	189	QUER.RUB	0.062	1330	9749
0	189	THUJ.SPP.ALL	0.091	575	5965
0	189	TSUG.CAN	0.059	387	4856
0	190	ABIE.BAL	0.111	694	3106
0	190	ACER.RUB	0.125	604	5134
0	190	ACER.SAH	0.1	852	5116
0	190	BETU.ALL	0.125	619	5607
0	190	BETU.PAP	0.167	440	3062
0	190	FAGU.GRA	0.111	896	10202
0	190	LARI.LAR	0.143	320	1652
0	190	PICE.GLA	0.111	624	9412
0	190	PICE.MAR	0.083	866	6459
0	190	PICE.RUB	0.067	2483	10967
0	190	PINU.BAN	0.143	1016	8516
0	190	PINU.RES	0.125	1125	9686
0	190	PINU.STR	0.077	504	5992
0	190	POPU.TRE	0.167	666	6250
0	190	QUER.RUB	0.059	1807	7762
0	190	THUJ.SPP.ALL	0.083	551	6013
0	190	TSUG.CAN	0.059	468	4739
0	191	ABIE.BAL	0.111	543	3615
0	191	ACER.RUB	0.143	671	5352
0	191	ACER.SAH	0.111	773	6687
0	191	BETU.ALL	0.125	679	5744
0	191	BETU.PAP	0.167	454	3188
0	191	FAGU.GRA	0.111	927	10203
0	191	LARI.LAR	0.143	272	2023
0	191	PICE.GLA	0.111	672	9052
0	191	PICE.MAR	0.083	790	7379
0	191	PICE.RUB	0.077	1842	11407
0	191	PINU.BAN	0.167	979	8590
0	191	PINU.RES	0.143	1096	9753
0	191	PINU.STR	0.083	673	6585
0	191	POPU.TRE	0.167	856	6356
0	191	QUER.RUB	0.067	1505	9960
0	191	THUJ.SPP.ALL	0.091	541	6176
0	191	TSUG.CAN	0.062	382	5245
0	192	ABIE.BAL	0.125	590	3664
0	192	ACER.RUB	0.143	714	5524
0	192	ACER.SAH	0.111	1053	7890
0	192	BETU.ALL	0.125	768	5743
0	192	BETU.PAP	0.167	512	3217
0	192	FAGU.GRA	0.111	990	9571
0	192	LARI.LAR	0.143	297	2291
0	192	PICE.GLA	0.111	759	9550
0	192	PICE.MAR	0.091	731	8062
0	192	PICE.RUB	0.071	1604	11880
0	192	PINU.BAN	0.167	1015	8661
0	192	PINU.RES	0.143	1151	9812
0	192	PINU.STR	0.1	743	6729
0	192	POPU.TRE	0.167	909	6667
0	192	QUER.RUB	0.083	1059	11700
0	192	THUJ.SPP.ALL	0.091	577	6039
0	192	TSUG.CAN	0.067	420	5308
0	193	ABIE.BAL	0.125	511	3627
0	193	ACER.RUB	0.143	698	5036
0	193	ACER.SAH	0.111	789	7260
0	193	BETU.ALL	0.125	627	5571
0	193	BETU.PAP	0.167	431	3121
0	193	FAGU.GRA	0.111	831	10171
0	193	LARI.LAR	0.167	254	2145
0	193	PICE.GLA	0.111	582	8567
0	193	PICE.MAR	0.091	698	7886
0	193	PICE.RUB	0.071	1662	11836
0	193	PINU.BAN	0.167	923	8600
0	193	PINU.RES	0.143	1008	9607
0	193	PINU.STR	0.083	528	5983
0	193	POPU.TRE	0.167	710	6305
0	193	QUER.RUB	0.067	1177	10743
0	193	THUJ.SPP.ALL	0.091	502	5525
0	193	TSUG.CAN	0.059	396	4987
0	194	ABIE.BAL	0.125	564	3394
0	194	ACER.RUB	0.143	745	4989
0	194	ACER.SAH	0.111	634	6522
0	194	BETU.ALL	0.125	611	5173
0	194	BETU.PAP	0.167	407	2997
0	194	FAGU.GRA	0.111	808	9357
0	194	LARI.LAR	0.167	292	1903
0	194	PICE.GLA	0.111	595	8182
0	194	PICE.MAR	0.091	638	7412
0	194	PICE.RUB	0.071	2119	11332
0	194	PINU.BAN	0.167	874	8479
0	194	PINU.RES	0.143	977	9547
0	194	PINU.STR	0.077	560	5540
0	194	POPU.TRE	0.167	670	6269
0	194	QUER.RUB	0.067	1691	9392
0	194	THUJ.SPP.ALL	0.091	499	5534
0	194	TSUG.CAN	0.059	371	4825
0	195	ABIE.BAL	0.111	627	3275
0	195	ACER.RUB	0.111	557	4810
0	195	ACER.SAH	0.1	606	5643
0	195	BETU.ALL	0.125	592	4989
0	195	BETU.PAP	0.167	398	2880
0	195	FAGU.GRA	0.111	745	9522
0	195	LARI.LAR	0.143	241	1787
0	195	PICE.GLA	0.111	661	7861
0	195	PICE.MAR	0.083	714	6908
0	195	PICE.RUB	0.071	2416	10902
0	195	PINU.BAN	0.167	809	8222
0	195	PINU.RES	0.125	950	8875
0	195	PINU.STR	0.077	634	5407
0	195	POPU.TRE	0.167	607	5980
0	195	QUER.RUB	0.067	1497	8852
0	195	THUJ.SPP.ALL	0.091	503	5452
0	195	TSUG.CAN	0.059	417	4733
0	196	ABIE.BAL	0.111	478	3547
0	196	ACER.RUB	0.125	581	5053
0	196	ACER.SAH	0.111	1026	7235
0	196	BETU.ALL	0.125	619	5661
0	196	BETU.PAP	0.167	412	3150
0	196	FAGU.GRA	0.111	793	9471
0	196	LARI.LAR	0.143	300	2120
0	196	PICE.GLA	0.111	593	8244
0	196	PICE.MAR	0.091	733	7549
0	196	PICE.RUB	0.071	1796	11315
0	196	PINU.BAN	0.167	876	8463
0	196	PINU.RES	0.143	979	9419
0	196	PINU.STR	0.067	474	5830
0	196	POPU.TRE	0.167	723	6287
0	196	QUER.RUB	0.067	1481	10203
0	196	THUJ.SPP.ALL	0.091	496	5526
0	196	TSUG.CAN	0.059	393	4825
0	197	ABIE.BAL	0.125	487	3669
0	197	ACER.RUB	0.111	618	5160
0	197	ACER.SAH	0.111	897	7502
0	197	BETU.ALL	0.125	638	5731
0	197	BETU.PAP	0.167	403	3079
0	197	FAGU.GRA	0.111	819	9746
0	197	LARI.LAR	0.167	268	2221
0	197	PICE.GLA	0.111	622	8725
0	197	PICE.MAR	0.091	715	7991
0	197	PICE.RUB	0.071	1712	11377
0	197	PINU.BAN	0.167	1129	8261
0	197	PINU.RES	0.143	1015	9336
0	197	PINU.STR	0.077	517	5570
0	197	POPU.TRE	0.167	712	6401
0	197	QUER.RUB	0.067	1062	10034
0	197	THUJ.SPP.ALL	0.091	489	5544
0	197	TSUG.CAN	0.059	389	4791
0	198	ABIE.BAL	0.111	565	3353
0	198	ACER.RUB	0.111	553	4976
0	198	ACER.SAH	0.111	599	6115
0	198	BETU.ALL	0.125	573	5318
0	198	BETU.PAP	0.167	400	2993
0	198	FAGU.GRA	0.111	767	9195
0	198	LARI.LAR	0.167	273	1831
0	198	PICE.GLA	0.111	656	7720
0	198	PICE.MAR	0.083	632	7116
0	198	PICE.RUB	0.071	2140	10782
0	198	PINU.BAN	0.167	798	8312
0	198	PINU.RES	0.143	972	9364
0	198	PINU.STR	0.077	688	5409
0	198	POPU.TRE	0.167	622	6170
0	198	QUER.RUB	0.059	1398	8668
0	198	THUJ.SPP.ALL	0.091	499	5427
0	198	TSUG.CAN	0.059	356	4547
0	275	ABIE.BAL	0.111	636	3517
0	275	ACER.RUB	0.111	615	5009
0	275	ACER.SAH	0.091	882	6550
0	275	BETU.ALL	0.111	633	5609
0	275	BETU.PAP	0.167	486	3150
0	275	FAGU.GRA	0.1	913	9561
0	275	LARI.LAR	0.143	260	1997
0	275	PICE.GLA	0.111	684	9417
0	275	PICE.MAR	0.083	747	7599
0	275	PICE.RUB	0.067	2468	11331
0	275	PINU.BAN	0.143	1017	8559
0	275	PINU.RES	0.125	1114	9626
0	275	PINU.STR	0.048	517	5372
0	275	POPU.TRE	0.143	936	6546
0	275	QUER.RUB	0.045	1407	8401
0	275	THUJ.SPP.ALL	0.083	542	5955
0	275	TSUG.CAN	0.045	465	4477
0	276	ABIE.BAL	0.111	658	2981
0	276	ACER.RUB	0.111	583	4931
0	276	ACER.SAH	0.077	2207	4846
0	276	BETU.ALL	0.111	624	5528
0	276	BETU.PAP	0.167	439	2922
0	276	FAGU.GRA	0.111	869	9953
0	276	LARI.LAR	0.125	218	1521
0	276	PICE.GLA	0.111	623	9174
0	276	PICE.MAR	0.083	796	6414
0	276	PICE.RUB	0.067	1894	11115
0	276	PINU.BAN	0.143	977	8453
0	276	PINU.RES	0.125	1102	9568
0	276	PINU.STR	0.048	513	5283
0	276	POPU.TRE	0.143	757	6181
0	276	QUER.RUB	0.048	811	7611
0	276	THUJ.SPP.ALL	0.083	540	5971
0	276	TSUG.CAN	0.048	468	4585
0	277	ABIE.BAL	0.1	599	3396
0	277	ACER.RUB	0.1	548	4758
0	277	ACER.SAH	0.077	629	5266
0	277	BETU.ALL	0.111	660	5249
0	277	BETU.PAP	0.143	478	3147
0	277	FAGU.GRA	0.091	873	9624
0	277	LARI.LAR	0.125	191	1842
0	277	PICE.GLA	0.091	676	9212
0	277	PICE.MAR	0.083	802	7318
0	277	PICE.RUB	0.062	2149	10449
0	277	PINU.BAN	0.143	976	8607
0	277	PINU.RES	0.125	1104	9415
0	277	PINU.STR	0.043	371	4388
0	277	POPU.TRE	0.143	848	6433
0	277	QUER.RUB	0.038	802	6584
0	277	THUJ.SPP.ALL	0.071	456	5740
0	277	TSUG.CAN	0.043	435	4261
0	278	ABIE.BAL	0.1	528	2812
0	278	ACER.RUB	0.1	561	4398
0	278	ACER.SAH	0.077	1712	3945
0	278	BETU.ALL	0.1	665	5096
0	278	BETU.PAP	0.167	430	2921
0	278	FAGU.GRA	0.1	854	9490
0	278	LARI.LAR	0.125	162	1289
0	278	PICE.GLA	0.1	592	8873
0	278	PICE.MAR	0.083	560	6075
0	278	PICE.RUB	0.059	1799	11809
0	278	PINU.BAN	0.143	928	8321
0	278	PINU.RES	0.125	1058	9457
0	278	PINU.STR	0.048	489	4690
0	278	POPU.TRE	0.143	668	6116
0	278	QUER.RUB	0.038	562	4466
0	278	THUJ.SPP.ALL	0.071	448	5562
0	278	TSUG.CAN	0.043	418	4109
0	283	ABIE.BAL	0.111	625	3693
0	283	ACER.RUB	0.111	693	5257
0	283	ACER.SAH	0.091	857	7489
0	283	BETU.ALL	0.111	726	5538
0	283	BETU.PAP	0.167	474	3139
0	283	FAGU.GRA	0.111	898	9540
0	283	LARI.LAR	0.143	270	2104
0	283	PICE.GLA	0.111	750	9605
0	283	PICE.MAR	0.091	746	8123
0	283	PICE.RUB	0.071	1778	11415
0	283	PINU.BAN	0.143	1008	8520
0	283	PINU.RES	0.125	1127	9543
0	283	PINU.STR	0.067	628	5078
0	283	POPU.TRE	0.167	906	6691
0	283	QUER.RUB	0.053	1172	9219
0	283	THUJ.SPP.ALL	0.083	495	5619
0	283	TSUG.CAN	0.05	393	4708
0	284	ABIE.BAL	0.111	634	3383
0	284	ACER.RUB	0.111	606	4933
0	284	ACER.SAH	0.083	619	5973
0	284	BETU.ALL	0.111	680	5421
0	284	BETU.PAP	0.167	434	3105
0	284	FAGU.GRA	0.111	887	9604
0	284	LARI.LAR	0.125	269	1746
0	284	PICE.GLA	0.111	672	9571
0	284	PICE.MAR	0.091	732	7067
0	284	PICE.RUB	0.067	2145	10834
0	284	PINU.BAN	0.143	956	8503
0	284	PINU.RES	0.125	1067	9545
0	284	PINU.STR	0.053	499	5455
0	284	POPU.TRE	0.167	789	6448
0	284	QUER.RUB	0.05	1477	7650
0	284	THUJ.SPP.ALL	0.083	478	5554
0	284	TSUG.CAN	0.05	423	4668
0	288	ABIE.BAL	0.125	616	3669
0	288	ACER.RUB	0.125	660	5204
0	288	ACER.SAH	0.111	781	7249
0	288	BETU.ALL	0.125	666	5645
0	288	BETU.PAP	0.167	450	3206
0	288	FAGU.GRA	0.111	871	9929
0	288	LARI.LAR	0.143	239	2060
0	288	PICE.GLA	0.111	638	9179
0	288	PICE.MAR	0.091	763	7939
0	288	PICE.RUB	0.071	1603	11380
0	288	PINU.BAN	0.167	893	8581
0	288	PINU.RES	0.143	1051	9419
0	288	PINU.STR	0.077	544	5514
0	288	POPU.TRE	0.167	810	6509
0	288	QUER.RUB	0.067	1149	10132
0	288	THUJ.SPP.ALL	0.083	476	5570
0	288	TSUG.CAN	0.059	408	4647
0	289	ABIE.BAL	0.111	610	3277
0	289	ACER.RUB	0.111	513	5062
0	289	ACER.SAH	0.1	605	5643
0	289	BETU.ALL	0.111	653	5389
0	289	BETU.PAP	0.167	427	2988
0	289	FAGU.GRA	0.111	815	9444
0	289	LARI.LAR	0.143	239	1699
0	289	PICE.GLA	0.111	616	8096
0	289	PICE.MAR	0.091	809	6843
0	289	PICE.RUB	0.071	2198	10866
0	289	PINU.BAN	0.167	864	8226
0	289	PINU.RES	0.125	1013	9229
0	289	PINU.STR	0.067	528	5351
0	289	POPU.TRE	0.167	678	6080
0	289	QUER.RUB	0.062	1673	8568
0	289	THUJ.SPP.ALL	0.083	472	5508
0	289	TSUG.CAN	0.059	425	4562
21	90	ABIE.BAL	0.125	472	2892
21	90	ACER.RUB	0.167	615	5646
21	90	ACER.SAH	0.125	2165	4994
21	90	BETU.ALL	0.125	596	5769
21	90	BETU.PAP	0.25	388	2979
21	90	FAGU.GRA	0.125	958	10697
21	90	LARI.LAR	0.167	216	1420
21	90	PICE.GLA	0.111	685	8994
21	90	PICE.MAR	0.083	558	5427
21	90	PICE.RUB	0.091	2176	11854
21	90	PINU.BAN	0.167	945	8667
21	90	PINU.RES	0.143	1055	9619
21	90	PINU.STR	0.143	840	7806
21	90	POPU.TRE	0.2	631	6126
21	90	QUER.RUB	0.111	3174	10034
21	90	THUJ.SPP.ALL	0.091	636	6311
21	90	TSUG.CAN	0.091	557	5966
21	91	ABIE.BAL	0.125	599	3227
21	91	ACER.RUB	0.167	690	5814
21	91	ACER.SAH	0.125	695	6116
21	91	BETU.ALL	0.125	737	5739
21	91	BETU.PAP	0.25	485	3122
21	91	FAGU.GRA	0.125	964	10816
21	91	LARI.LAR	0.167	267	1693
21	91	PICE.GLA	0.111	719	9093
21	91	PICE.MAR	0.091	732	6305
21	91	PICE.RUB	0.091	2367	11304
21	91	PINU.BAN	0.167	1034	8650
21	91	PINU.RES	0.143	1105	9910
21	91	PINU.STR	0.143	882	7972
21	91	POPU.TRE	0.2	755	6517
21	91	QUER.RUB	0.111	1214	11494
21	91	THUJ.SPP.ALL	0.091	633	5997
21	91	TSUG.CAN	0.091	547	6444
21	92	ABIE.BAL	0.111	655	2842
21	92	ACER.RUB	0.167	571	5538
21	92	ACER.SAH	0.125	1335	4989
21	92	BETU.ALL	0.125	612	5429
21	92	BETU.PAP	0.2	395	3010
21	92	FAGU.GRA	0.125	909	10766
21	92	LARI.LAR	0.167	167	1309
21	92	PICE.GLA	0.111	663	8588
21	92	PICE.MAR	0.083	479	5496
21	92	PICE.RUB	0.083	1392	11120
21	92	PINU.BAN	0.167	885	8597
21	92	PINU.RES	0.143	1012	9585
21	92	PINU.STR	0.143	797	7586
21	92	POPU.TRE	0.2	606	6285
21	92	QUER.RUB	0.111	2150	10198
21	92	THUJ.SPP.ALL	0.091	560	5910
21	92	TSUG.CAN	0.091	512	6037
21	93	ABIE.BAL	0.125	712	3335
21	93	ACER.RUB	0.167	692	5786
21	93	ACER.SAH	0.125	553	6512
21	93	BETU.ALL	0.125	740	5770
21	93	BETU.PAP	0.25	437	3166
21	93	FAGU.GRA	0.125	970	11268
21	93	LARI.LAR	0.2	281	1895
21	93	PICE.GLA	0.111	672	9108
21	93	PICE.MAR	0.083	779	6729
21	93	PICE.RUB	0.091	1721	11823
21	93	PINU.BAN	0.167	951	8853
21	93	PINU.RES	0.143	1024	9819
21	93	PINU.STR	0.143	852	7810
21	93	POPU.TRE	0.2	754	6605
21	93	QUER.RUB	0.143	1047	13422
21	93	THUJ.SPP.ALL	0.091	599	5971
21	93	TSUG.CAN	0.091	530	6412
21	94	ABIE.BAL	0.125	759	3370
21	94	ACER.RUB	0.167	660	5767
21	94	ACER.SAH	0.125	813	6995
21	94	BETU.ALL	0.125	744	5399
21	94	BETU.PAP	0.25	438	3189
21	94	FAGU.GRA	0.125	938	10218
21	94	LARI.LAR	0.2	307	1916
21	94	PICE.GLA	0.111	686	9262
21	94	PICE.MAR	0.091	629	7226
21	94	PICE.RUB	0.091	2135	11814
21	94	PINU.BAN	0.2	932	8769
21	94	PINU.RES	0.143	1082	9768
21	94	PINU.STR	0.143	846	7737
21	94	POPU.TRE	0.2	739	6554
21	94	QUER.RUB	0.111	980	12820
21	94	THUJ.SPP.ALL	0.091	593	6214
21	94	TSUG.CAN	0.083	589	6426
21	95	ABIE.BAL	0.125	822	3217
21	95	ACER.RUB	0.167	638	5624
21	95	ACER.SAH	0.125	988	5543
21	95	BETU.ALL	0.125	716	5593
21	95	BETU.PAP	0.2	423	3087
21	95	FAGU.GRA	0.125	942	10600
21	95	LARI.LAR	0.167	210	1603
21	95	PICE.GLA	0.111	689	8586
21	95	PICE.MAR	0.083	728	6358
21	95	PICE.RUB	0.091	1925	10796
21	95	PINU.BAN	0.2	880	8720
21	95	PINU.RES	0.143	1061	9788
21	95	PINU.STR	0.143	804	7832
21	95	POPU.TRE	0.2	625	6377
21	95	QUER.RUB	0.111	1285	11282
21	95	THUJ.SPP.ALL	0.091	577	5869
21	95	TSUG.CAN	0.083	554	6181
21	100	ABIE.BAL	0.125	770	3388
21	100	ACER.RUB	0.167	646	5543
21	100	ACER.SAH	0.125	707	6909
21	100	BETU.ALL	0.125	656	5563
21	100	BETU.PAP	0.2	427	3064
21	100	FAGU.GRA	0.125	860	10307
21	100	LARI.LAR	0.143	284	1956
21	100	PICE.GLA	0.111	625	8495
21	100	PICE.MAR	0.091	636	7022
21	100	PICE.RUB	0.083	2502	11750
21	100	PINU.BAN	0.2	840	8518
21	100	PINU.RES	0.167	981	9582
21	100	PINU.STR	0.143	758	7422
21	100	POPU.TRE	0.167	642	6214
21	100	QUER.RUB	0.111	1251	12137
21	100	THUJ.SPP.ALL	0.091	566	5838
21	100	TSUG.CAN	0.083	513	5948
21	101	ABIE.BAL	0.125	831	3102
21	101	ACER.RUB	0.167	602	5239
21	101	ACER.SAH	0.125	1179	5455
21	101	BETU.ALL	0.125	587	5566
21	101	BETU.PAP	0.2	374	2867
21	101	FAGU.GRA	0.125	806	10479
21	101	LARI.LAR	0.143	269	1600
21	101	PICE.GLA	0.111	677	7775
21	101	PICE.MAR	0.091	607	6231
21	101	PICE.RUB	0.083	3065	11839
21	101	PINU.BAN	0.2	806	8576
21	101	PINU.RES	0.167	951	9619
21	101	PINU.STR	0.143	725	7424
21	101	POPU.TRE	0.167	622	6162
21	101	QUER.RUB	0.1	1837	10323
21	101	THUJ.SPP.ALL	0.091	553	5762
21	101	TSUG.CAN	0.083	517	5944
21	102	ABIE.BAL	0.125	707	3576
21	102	ACER.RUB	0.167	672	5592
21	102	ACER.SAH	0.125	960	7704
21	102	BETU.ALL	0.125	701	5684
21	102	BETU.PAP	0.2	458	3136
21	102	FAGU.GRA	0.125	916	10306
21	102	LARI.LAR	0.167	338	2158
21	102	PICE.GLA	0.111	647	8563
21	102	PICE.MAR	0.091	896	7403
21	102	PICE.RUB	0.083	2475	12273
21	102	PINU.BAN	0.167	910	8658
21	102	PINU.RES	0.167	1046	9635
21	102	PINU.STR	0.143	772	7368
21	102	POPU.TRE	0.167	755	6498
21	102	QUER.RUB	0.125	1070	13156
21	102	THUJ.SPP.ALL	0.091	595	5994
21	102	TSUG.CAN	0.083	534	6446
21	182	ABIE.BAL	0.125	653	3400
21	182	ACER.RUB	0.167	737	5648
21	182	ACER.SAH	0.125	775	7087
21	182	BETU.ALL	0.125	741	5867
21	182	BETU.PAP	0.2	481	3306
21	182	FAGU.GRA	0.125	1009	10207
21	182	LARI.LAR	0.143	284	2006
21	182	PICE.GLA	0.111	732	9605
21	182	PICE.MAR	0.083	726	6997
21	182	PICE.RUB	0.091	2643	12115
21	182	PINU.BAN	0.2	1031	8854
21	182	PINU.RES	0.143	1142	9923
21	182	PINU.STR	0.143	863	7700
21	182	POPU.TRE	0.167	778	6632
21	182	QUER.RUB	0.111	891	13269
21	182	THUJ.SPP.ALL	0.091	642	6430
21	182	TSUG.CAN	0.083	593	6309
21	183	ABIE.BAL	0.125	655	3072
21	183	ACER.RUB	0.167	607	5609
21	183	ACER.SAH	0.125	579	5275
21	183	BETU.ALL	0.125	680	5650
21	183	BETU.PAP	0.2	421	3109
21	183	FAGU.GRA	0.125	924	10626
21	183	LARI.LAR	0.143	196	1704
21	183	PICE.GLA	0.111	712	8962
21	183	PICE.MAR	0.083	535	6207
21	183	PICE.RUB	0.091	1900	11453
21	183	PINU.BAN	0.2	987	8675
21	183	PINU.RES	0.167	1024	9644
21	183	PINU.STR	0.143	827	7899
21	183	POPU.TRE	0.167	685	6326
21	183	QUER.RUB	0.125	2820	10245
21	183	THUJ.SPP.ALL	0.091	619	6078
21	183	TSUG.CAN	0.083	533	6080
21	184	ABIE.BAL	0.111	630	3111
21	184	ACER.RUB	0.167	598	5598
21	184	ACER.SAH	0.111	1340	5444
21	184	BETU.ALL	0.125	635	5617
21	184	BETU.PAP	0.2	436	3126
21	184	FAGU.GRA	0.125	929	10663
21	184	LARI.LAR	0.143	264	1697
21	184	PICE.GLA	0.111	683	9410
21	184	PICE.MAR	0.091	665	6308
21	184	PICE.RUB	0.091	2102	11379
21	184	PINU.BAN	0.167	1012	8600
21	184	PINU.RES	0.167	1054	9877
21	184	PINU.STR	0.125	838	7635
21	184	POPU.TRE	0.167	696	6416
21	184	QUER.RUB	0.111	1877	10056
21	184	THUJ.SPP.ALL	0.091	680	6397
21	184	TSUG.CAN	0.083	492	6092
21	185	ABIE.BAL	0.111	684	3487
21	185	ACER.RUB	0.167	674	5825
21	185	ACER.SAH	0.125	884	7401
21	185	BETU.ALL	0.125	739	5730
21	185	BETU.PAP	0.2	472	3156
21	185	FAGU.GRA	0.125	1008	10167
21	185	LARI.LAR	0.167	382	2244
21	185	PICE.GLA	0.111	761	9587
21	185	PICE.MAR	0.091	779	7329
21	185	PICE.RUB	0.091	1952	11603
21	185	PINU.BAN	0.167	1071	8728
21	185	PINU.RES	0.167	1131	9752
21	185	PINU.STR	0.125	893	7608
21	185	POPU.TRE	0.167	823	6659
21	185	QUER.RUB	0.1	948	12792
21	185	THUJ.SPP.ALL	0.091	716	6679
21	185	TSUG.CAN	0.083	548	6354
21	186	ABIE.BAL	0.125	588	3176
21	186	ACER.RUB	0.167	673	5622
21	186	ACER.SAH	0.125	808	6125
21	186	BETU.ALL	0.125	664	5740
21	186	BETU.PAP	0.2	438	3163
21	186	FAGU.GRA	0.125	969	10341
21	186	LARI.LAR	0.143	201	1643
21	186	PICE.GLA	0.111	717	9419
21	186	PICE.MAR	0.083	647	6531
21	186	PICE.RUB	0.091	1730	11228
21	186	PINU.BAN	0.2	968	8751
21	186	PINU.RES	0.143	1065	9930
21	186	PINU.STR	0.143	828	7637
21	186	POPU.TRE	0.167	773	6485
21	186	QUER.RUB	0.111	1419	11407
21	186	THUJ.SPP.ALL	0.091	620	6058
21	186	TSUG.CAN	0.083	606	6272
21	187	ABIE.BAL	0.125	703	2972
21	187	ACER.RUB	0.167	600	5549
21	187	ACER.SAH	0.125	2111	5138
21	187	BETU.ALL	0.125	618	5620
21	187	BETU.PAP	0.2	394	3025
21	187	FAGU.GRA	0.125	967	10720
21	187	LARI.LAR	0.143	169	1441
21	187	PICE.GLA	0.111	685	8722
21	187	PICE.MAR	0.083	452	5892
21	187	PICE.RUB	0.083	2053	11200
21	187	PINU.BAN	0.2	929	8719
21	187	PINU.RES	0.167	1029	9701
21	187	PINU.STR	0.143	804	7733
21	187	POPU.TRE	0.167	609	6304
21	187	QUER.RUB	0.111	2269	10493
21	187	THUJ.SPP.ALL	0.091	568	5996
21	187	TSUG.CAN	0.083	555	5847
21	188	ABIE.BAL	0.125	976	3459
21	188	ACER.RUB	0.167	745	5757
21	188	ACER.SAH	0.125	849	7072
21	188	BETU.ALL	0.125	710	5857
21	188	BETU.PAP	0.2	465	3218
21	188	FAGU.GRA	0.125	988	10514
21	188	LARI.LAR	0.143	273	2004
21	188	PICE.GLA	0.111	752	9640
21	188	PICE.MAR	0.091	615	7054
21	188	PICE.RUB	0.091	2691	12044
21	188	PINU.BAN	0.2	1003	8744
21	188	PINU.RES	0.143	1139	9788
21	188	PINU.STR	0.143	864	7969
21	188	POPU.TRE	0.167	817	6697
21	188	QUER.RUB	0.111	1132	13023
21	188	THUJ.SPP.ALL	0.091	639	6086
21	188	TSUG.CAN	0.083	588	6286
21	189	ABIE.BAL	0.125	677	3560
21	189	ACER.RUB	0.167	727	5567
21	189	ACER.SAH	0.111	817	7350
21	189	BETU.ALL	0.125	720	5553
21	189	BETU.PAP	0.2	459	3179
21	189	FAGU.GRA	0.125	997	10554
21	189	LARI.LAR	0.167	297	2091
21	189	PICE.GLA	0.111	725	9893
21	189	PICE.MAR	0.091	670	7369
21	189	PICE.RUB	0.077	2423	12153
21	189	PINU.BAN	0.167	1051	8688
21	189	PINU.RES	0.167	1093	9991
21	189	PINU.STR	0.143	824	7406
21	189	POPU.TRE	0.167	869	6736
21	189	QUER.RUB	0.111	1618	11832
21	189	THUJ.SPP.ALL	0.091	651	6184
21	189	TSUG.CAN	0.083	555	6252
21	190	ABIE.BAL	0.111	536	2886
21	190	ACER.RUB	0.167	564	5520
21	190	ACER.SAH	0.111	2408	5318
21	190	BETU.ALL	0.125	560	5686
21	190	BETU.PAP	0.2	400	3002
21	190	FAGU.GRA	0.125	961	10613
21	190	LARI.LAR	0.143	185	1425
21	190	PICE.GLA	0.111	638	9258
21	190	PICE.MAR	0.091	618	5765
21	190	PICE.RUB	0.077	1636	11220
21	190	PINU.BAN	0.167	979	8646
21	190	PINU.RES	0.143	1071	10049
21	190	PINU.STR	0.143	795	7666
21	190	POPU.TRE	0.167	714	6293
21	190	QUER.RUB	0.1	2263	9514
21	190	THUJ.SPP.ALL	0.091	628	5978
21	190	TSUG.CAN	0.083	516	5921
21	191	ABIE.BAL	0.125	647	3301
21	191	ACER.RUB	0.167	598	5472
21	191	ACER.SAH	0.125	939	5884
21	191	BETU.ALL	0.125	687	5608
21	191	BETU.PAP	0.2	410	3143
21	191	FAGU.GRA	0.125	961	10371
21	191	LARI.LAR	0.143	271	1804
21	191	PICE.GLA	0.111	669	8854
21	191	PICE.MAR	0.091	801	6637
21	191	PICE.RUB	0.083	2349	11819
21	191	PINU.BAN	0.2	934	8719
21	191	PINU.RES	0.167	1040	9833
21	191	PINU.STR	0.143	815	7505
21	191	POPU.TRE	0.167	696	6408
21	191	QUER.RUB	0.111	2298	11385
21	191	THUJ.SPP.ALL	0.091	602	5966
21	191	TSUG.CAN	0.083	556	6009
21	192	ABIE.BAL	0.125	655	3539
21	192	ACER.RUB	0.167	694	5762
21	192	ACER.SAH	0.125	817	7441
21	192	BETU.ALL	0.125	750	5975
21	192	BETU.PAP	0.2	490	3150
21	192	FAGU.GRA	0.125	1003	10731
21	192	LARI.LAR	0.143	236	2144
21	192	PICE.GLA	0.111	741	9906
21	192	PICE.MAR	0.083	795	7219
21	192	PICE.RUB	0.083	2569	12088
21	192	PINU.BAN	0.2	970	8749
21	192	PINU.RES	0.167	1042	10011
21	192	PINU.STR	0.143	832	8383
21	192	POPU.TRE	0.167	841	6592
21	192	QUER.RUB	0.125	921	13839
21	192	THUJ.SPP.ALL	0.091	623	6000
21	192	TSUG.CAN	0.083	594	6677
21	193	ABIE.BAL	0.125	727	3515
21	193	ACER.RUB	0.167	611	5448
21	193	ACER.SAH	0.125	860	7263
21	193	BETU.ALL	0.125	639	5601
21	193	BETU.PAP	0.2	418	3010
21	193	FAGU.GRA	0.125	833	10219
21	193	LARI.LAR	0.143	322	2046
21	193	PICE.GLA	0.111	640	8397
21	193	PICE.MAR	0.091	788	7224
21	193	PICE.RUB	0.077	2067	12354
21	193	PINU.BAN	0.167	880	8592
21	193	PINU.RES	0.167	974	9632
21	193	PINU.STR	0.143	707	7569
21	193	POPU.TRE	0.167	656	6243
21	193	QUER.RUB	0.111	1089	12481
21	193	THUJ.SPP.ALL	0.091	546	5790
21	193	TSUG.CAN	0.083	474	6087
21	194	ABIE.BAL	0.111	703	3191
21	194	ACER.RUB	0.167	508	5347
21	194	ACER.SAH	0.111	799	5811
21	194	BETU.ALL	0.125	574	5528
21	194	BETU.PAP	0.2	342	2993
21	194	FAGU.GRA	0.125	788	9733
21	194	LARI.LAR	0.143	238	1715
21	194	PICE.GLA	0.111	639	7978
21	194	PICE.MAR	0.091	630	6687
21	194	PICE.RUB	0.077	2224	11669
21	194	PINU.BAN	0.167	829	8378
21	194	PINU.RES	0.167	931	9472
21	194	PINU.STR	0.143	683	7444
21	194	POPU.TRE	0.167	646	6111
21	194	QUER.RUB	0.111	3458	11141
21	194	THUJ.SPP.ALL	0.091	541	5672
21	194	TSUG.CAN	0.083	604	5562
21	195	ABIE.BAL	0.111	653	3093
21	195	ACER.RUB	0.167	510	5347
21	195	ACER.SAH	0.111	1781	5508
21	195	BETU.ALL	0.125	553	5323
21	195	BETU.PAP	0.2	354	2909
21	195	FAGU.GRA	0.111	780	9740
21	195	LARI.LAR	0.143	208	1525
21	195	PICE.GLA	0.111	616	7932
21	195	PICE.MAR	0.091	597	6460
21	195	PICE.RUB	0.077	1873	11428
21	195	PINU.BAN	0.167	840	8310
21	195	PINU.RES	0.143	936	9285
21	195	PINU.STR	0.143	659	7126
21	195	POPU.TRE	0.167	589	6024
21	195	QUER.RUB	0.111	2302	10254
21	195	THUJ.SPP.ALL	0.091	539	5428
21	195	TSUG.CAN	0.083	422	5127
21	196	ABIE.BAL	0.125	770	3457
21	196	ACER.RUB	0.167	555	5410
21	196	ACER.SAH	0.125	749	6979
21	196	BETU.ALL	0.125	591	5660
21	196	BETU.PAP	0.2	400	3077
21	196	FAGU.GRA	0.125	795	10003
21	196	LARI.LAR	0.167	317	1968
21	196	PICE.GLA	0.111	640	8504
21	196	PICE.MAR	0.091	817	7193
21	196	PICE.RUB	0.077	2781	12113
21	196	PINU.BAN	0.167	856	8516
21	196	PINU.RES	0.143	976	9644
21	196	PINU.STR	0.143	710	7267
21	196	POPU.TRE	0.167	638	6320
21	196	QUER.RUB	0.111	1308	12055
21	196	THUJ.SPP.ALL	0.091	525	5651
21	196	TSUG.CAN	0.083	476	5935
21	197	ABIE.BAL	0.111	703	3576
21	197	ACER.RUB	0.167	619	5538
21	197	ACER.SAH	0.125	871	7186
21	197	BETU.ALL	0.125	640	5544
21	197	BETU.PAP	0.2	420	3029
21	197	FAGU.GRA	0.111	858	9823
21	197	LARI.LAR	0.143	285	2100
21	197	PICE.GLA	0.111	619	8538
21	197	PICE.MAR	0.091	952	7380
21	197	PICE.RUB	0.091	2222	12092
21	197	PINU.BAN	0.167	909	8629
21	197	PINU.RES	0.143	1028	9667
21	197	PINU.STR	0.143	721	7507
21	197	POPU.TRE	0.167	703	6297
21	197	QUER.RUB	0.125	1382	12130
21	197	THUJ.SPP.ALL	0.091	536	5632
21	197	TSUG.CAN	0.083	558	5623
21	198	ABIE.BAL	0.111	744	3121
21	198	ACER.RUB	0.167	507	5165
21	198	ACER.SAH	0.1	905	5905
21	198	BETU.ALL	0.125	573	5399
21	198	BETU.PAP	0.2	356	2923
21	198	FAGU.GRA	0.111	763	9828
21	198	LARI.LAR	0.143	223	1640
21	198	PICE.GLA	0.111	644	7962
21	198	PICE.MAR	0.091	578	6354
21	198	PICE.RUB	0.077	2681	11616
21	198	PINU.BAN	0.167	799	8486
21	198	PINU.RES	0.143	952	9453
21	198	PINU.STR	0.143	663	6874
21	198	POPU.TRE	0.167	607	6151
21	198	QUER.RUB	0.111	2401	10534
21	198	THUJ.SPP.ALL	0.091	544	5613
21	198	TSUG.CAN	0.083	556	5580
21	275	ABIE.BAL	0.125	629	3556
21	275	ACER.RUB	0.143	710	5711
21	275	ACER.SAH	0.1	602	6646
21	275	BETU.ALL	0.125	737	5846
21	275	BETU.PAP	0.2	466	3185
21	275	FAGU.GRA	0.111	1012	10359
21	275	LARI.LAR	0.143	292	2029
21	275	PICE.GLA	0.111	733	9544
21	275	PICE.MAR	0.091	817	6979
21	275	PICE.RUB	0.083	2264	11667
21	275	PINU.BAN	0.167	1037	8812
21	275	PINU.RES	0.143	1152	9904
21	275	PINU.STR	0.125	847	7262
21	275	POPU.TRE	0.167	819	6713
21	275	QUER.RUB	0.091	1130	11278
21	275	THUJ.SPP.ALL	0.091	637	6266
21	275	TSUG.CAN	0.071	482	5997
21	276	ABIE.BAL	0.111	541	2780
21	276	ACER.RUB	0.143	622	5340
21	276	ACER.SAH	0.111	1509	4598
21	276	BETU.ALL	0.125	649	5255
21	276	BETU.PAP	0.2	414	2975
21	276	FAGU.GRA	0.111	951	10475
21	276	LARI.LAR	0.143	204	1433
21	276	PICE.GLA	0.111	631	9439
21	276	PICE.MAR	0.091	559	6029
21	276	PICE.RUB	0.077	1803	11376
21	276	PINU.BAN	0.167	967	8727
21	276	PINU.RES	0.143	1100	9545
21	276	PINU.STR	0.125	802	7424
21	276	POPU.TRE	0.167	644	6231
21	276	QUER.RUB	0.091	1270	9041
21	276	THUJ.SPP.ALL	0.091	624	6118
21	276	TSUG.CAN	0.071	423	5726
21	277	ABIE.BAL	0.111	757	3355
21	277	ACER.RUB	0.125	726	5678
21	277	ACER.SAH	0.1	822	7150
21	277	BETU.ALL	0.125	717	5888
21	277	BETU.PAP	0.2	476	3145
21	277	FAGU.GRA	0.111	986	9719
21	277	LARI.LAR	0.143	208	1721
21	277	PICE.GLA	0.111	737	9521
21	277	PICE.MAR	0.091	852	6964
21	277	PICE.RUB	0.077	2275	11776
21	277	PINU.BAN	0.167	1024	8722
21	277	PINU.RES	0.143	1127	9864
21	277	PINU.STR	0.111	807	7341
21	277	POPU.TRE	0.167	818	6641
21	277	QUER.RUB	0.083	1932	10350
21	277	THUJ.SPP.ALL	0.091	541	6036
21	277	TSUG.CAN	0.067	430	5724
21	278	ABIE.BAL	0.111	519	2695
21	278	ACER.RUB	0.125	636	5286
21	278	ACER.SAH	0.091	1494	4402
21	278	BETU.ALL	0.125	551	5215
21	278	BETU.PAP	0.2	412	2955
21	278	FAGU.GRA	0.111	928	10525
21	278	LARI.LAR	0.111	160	1096
21	278	PICE.GLA	0.111	657	9000
21	278	PICE.MAR	0.083	569	5065
21	278	PICE.RUB	0.062	3159	14429
21	278	PINU.BAN	0.167	953	8704
21	278	PINU.RES	0.143	1095	9983
21	278	PINU.STR	0.111	786	7127
21	278	POPU.TRE	0.167	613	6062
21	278	QUER.RUB	0.059	2371	7852
21	278	THUJ.SPP.ALL	0.091	532	5777
21	278	TSUG.CAN	0.067	416	5424
21	283	ABIE.BAL	0.125	612	3643
21	283	ACER.RUB	0.167	718	5677
21	283	ACER.SAH	0.125	941	7578
21	283	BETU.ALL	0.125	767	5749
21	283	BETU.PAP	0.2	502	3174
21	283	FAGU.GRA	0.111	1029	10164
21	283	LARI.LAR	0.143	297	2078
21	283	PICE.GLA	0.111	773	10080
21	283	PICE.MAR	0.091	845	7742
21	283	PICE.RUB	0.083	2176	12128
21	283	PINU.BAN	0.167	1021	8648
21	283	PINU.RES	0.143	1153	9732
21	283	PINU.STR	0.125	851	7411
21	283	POPU.TRE	0.167	889	6679
21	283	QUER.RUB	0.091	1163	12429
21	283	THUJ.SPP.ALL	0.091	535	5925
21	283	TSUG.CAN	0.071	513	6159
21	284	ABIE.BAL	0.111	536	3152
21	284	ACER.RUB	0.167	650	5639
21	284	ACER.SAH	0.1	1308	6038
21	284	BETU.ALL	0.125	643	5645
21	284	BETU.PAP	0.2	452	3088
21	284	FAGU.GRA	0.111	971	10036
21	284	LARI.LAR	0.143	245	1570
21	284	PICE.GLA	0.111	729	9478
21	284	PICE.MAR	0.091	604	6721
21	284	PICE.RUB	0.077	1831	11552
21	284	PINU.BAN	0.167	951	8650
21	284	PINU.RES	0.143	1075	9540
21	284	PINU.STR	0.125	803	7419
21	284	POPU.TRE	0.167	764	6414
21	284	QUER.RUB	0.091	1862	10211
21	284	THUJ.SPP.ALL	0.091	523	5776
21	284	TSUG.CAN	0.071	470	5642
21	288	ABIE.BAL	0.125	603	3573
21	288	ACER.RUB	0.167	665	5591
21	288	ACER.SAH	0.125	941	7585
21	288	BETU.ALL	0.125	723	5692
21	288	BETU.PAP	0.2	449	3161
21	288	FAGU.GRA	0.125	922	10408
21	288	LARI.LAR	0.167	240	1994
21	288	PICE.GLA	0.111	662	9382
21	288	PICE.MAR	0.091	882	7435
21	288	PICE.RUB	0.091	2601	12216
21	288	PINU.BAN	0.167	933	8538
21	288	PINU.RES	0.143	1029	9711
21	288	PINU.STR	0.143	793	7476
21	288	POPU.TRE	0.167	770	6408
21	288	QUER.RUB	0.125	1315	11795
21	288	THUJ.SPP.ALL	0.091	512	5863
21	288	TSUG.CAN	0.083	495	6109
21	289	ABIE.BAL	0.111	677	3152
21	289	ACER.RUB	0.167	530	5409
21	289	ACER.SAH	0.111	676	5477
21	289	BETU.ALL	0.125	597	5219
21	289	BETU.PAP	0.2	367	2912
21	289	FAGU.GRA	0.111	840	10218
21	289	LARI.LAR	0.143	194	1569
21	289	PICE.GLA	0.111	630	8217
21	289	PICE.MAR	0.091	545	6373
21	289	PICE.RUB	0.091	2138	11646
21	289	PINU.BAN	0.167	864	8295
21	289	PINU.RES	0.143	954	9292
21	289	PINU.STR	0.143	707	7376
21	289	POPU.TRE	0.167	681	6068
21	289	QUER.RUB	0.125	1646	10867
21	289	THUJ.SPP.ALL	0.091	532	5569
21	289	TSUG.CAN	0.083	430	5443
51	90	ABIE.BAL	0.111	530	2628
51	90	ACER.RUB	0.2	687	5513
51	90	ACER.SAH	0.143	3358	4283
51	90	BETU.ALL	0.143	623	5338
51	90	BETU.PAP	0.2	411	2965
51	90	FAGU.GRA	0.125	1003	10471
51	90	LARI.LAR	0.167	207	1055
51	90	PICE.GLA	0.111	623	8683
51	90	PICE.MAR	0.091	695	4789
51	90	PICE.RUB	0.083	2169	10733
51	90	PINU.BAN	0.167	912	8537
51	90	PINU.RES	0.143	1050	9350
51	90	PINU.STR	0.167	848	7836
51	90	POPU.TRE	0.2	657	6180
51	90	QUER.RUB	0.125	5239	10667
51	90	THUJ.SPP.ALL	0.091	577	6168
51	90	TSUG.CAN	0.091	481	5955
51	91	ABIE.BAL	0.143	947	3017
51	91	ACER.RUB	0.2	763	5617
51	91	ACER.SAH	0.111	2049	5982
51	91	BETU.ALL	0.143	671	5527
51	91	BETU.PAP	0.2	450	3077
51	91	FAGU.GRA	0.125	1041	10644
51	91	LARI.LAR	0.167	252	1578
51	91	PICE.GLA	0.111	601	8854
51	91	PICE.MAR	0.091	802	5512
51	91	PICE.RUB	0.091	3777	11263
51	91	PINU.BAN	0.167	966	8637
51	91	PINU.RES	0.143	1073	9691
51	91	PINU.STR	0.167	851	7818
51	91	POPU.TRE	0.2	684	6504
51	91	QUER.RUB	0.143	1673	10947
51	91	THUJ.SPP.ALL	0.091	591	6029
51	91	TSUG.CAN	0.091	537	6583
51	92	ABIE.BAL	0.125	521	2433
51	92	ACER.RUB	0.25	656	5531
51	92	ACER.SAH	0.143	1878	4591
51	92	BETU.ALL	0.125	609	5270
51	92	BETU.PAP	0.167	394	2921
51	92	FAGU.GRA	0.143	917	10281
51	92	LARI.LAR	0.143	151	1107
51	92	PICE.GLA	0.111	569	8125
51	92	PICE.MAR	0.083	705	4670
51	92	PICE.RUB	0.091	2989	11061
51	92	PINU.BAN	0.167	843	8275
51	92	PINU.RES	0.143	983	9449
51	92	PINU.STR	0.167	813	7733
51	92	POPU.TRE	0.2	642	6183
51	92	QUER.RUB	0.143	2203	9340
51	92	THUJ.SPP.ALL	0.091	504	5778
51	92	TSUG.CAN	0.091	467	5753
51	93	ABIE.BAL	0.143	835	2996
51	93	ACER.RUB	0.25	757	5689
51	93	ACER.SAH	0.143	955	5750
51	93	BETU.ALL	0.125	720	5541
51	93	BETU.PAP	0.2	442	2995
51	93	FAGU.GRA	0.125	997	10455
51	93	LARI.LAR	0.167	348	1584
51	93	PICE.GLA	0.111	584	8950
51	93	PICE.MAR	0.091	839	6200
51	93	PICE.RUB	0.091	3275	11593
51	93	PINU.BAN	0.167	911	8518
51	93	PINU.RES	0.143	1017	10008
51	93	PINU.STR	0.167	834	7459
51	93	POPU.TRE	0.2	778	6421
51	93	QUER.RUB	0.143	1181	12190
51	93	THUJ.SPP.ALL	0.091	543	5941
51	93	TSUG.CAN	0.091	477	6732
51	94	ABIE.BAL	0.143	733	3327
51	94	ACER.RUB	0.2	761	5787
51	94	ACER.SAH	0.143	839	6749
51	94	BETU.ALL	0.143	712	5674
51	94	BETU.PAP	0.2	467	3156
51	94	FAGU.GRA	0.125	1021	10063
51	94	LARI.LAR	0.167	324	1764
51	94	PICE.GLA	0.111	631	8827
51	94	PICE.MAR	0.083	1091	6623
51	94	PICE.RUB	0.091	3055	11253
51	94	PINU.BAN	0.2	919	8583
51	94	PINU.RES	0.143	1050	9639
51	94	PINU.STR	0.143	883	7755
51	94	POPU.TRE	0.2	807	6514
51	94	QUER.RUB	0.143	930	13306
51	94	THUJ.SPP.ALL	0.091	562	5808
51	94	TSUG.CAN	0.091	536	6421
51	95	ABIE.BAL	0.143	1064	2951
51	95	ACER.RUB	0.2	677	5574
51	95	ACER.SAH	0.143	1142	5166
51	95	BETU.ALL	0.143	673	5494
51	95	BETU.PAP	0.2	415	2995
51	95	FAGU.GRA	0.125	975	10209
51	95	LARI.LAR	0.143	277	1222
51	95	PICE.GLA	0.111	597	8747
51	95	PICE.MAR	0.091	743	5556
51	95	PICE.RUB	0.091	2504	10911
51	95	PINU.BAN	0.2	894	8457
51	95	PINU.RES	0.143	1017	9771
51	95	PINU.STR	0.143	862	7793
51	95	POPU.TRE	0.2	634	6419
51	95	QUER.RUB	0.143	1162	10908
51	95	THUJ.SPP.ALL	0.091	529	5868
51	95	TSUG.CAN	0.091	461	6260
51	100	ABIE.BAL	0.143	677	3355
51	100	ACER.RUB	0.2	671	5446
51	100	ACER.SAH	0.111	776	6296
51	100	BETU.ALL	0.143	653	5476
51	100	BETU.PAP	0.2	421	3085
51	100	FAGU.GRA	0.125	858	10622
51	100	LARI.LAR	0.167	316	1849
51	100	PICE.GLA	0.111	568	8666
51	100	PICE.MAR	0.091	994	6736
51	100	PICE.RUB	0.091	3597	11844
51	100	PINU.BAN	0.2	1221	8269
51	100	PINU.RES	0.2	985	9707
51	100	PINU.STR	0.143	757	7764
51	100	POPU.TRE	0.167	707	6316
51	100	QUER.RUB	0.143	1282	12165
51	100	THUJ.SPP.ALL	0.091	539	5863
51	100	TSUG.CAN	0.091	517	6146
51	101	ABIE.BAL	0.143	677	3044
51	101	ACER.RUB	0.2	611	5354
51	101	ACER.SAH	0.111	1929	5411
51	101	BETU.ALL	0.143	608	5332
51	101	BETU.PAP	0.2	373	3003
51	101	FAGU.GRA	0.125	847	10570
51	101	LARI.LAR	0.167	341	1531
51	101	PICE.GLA	0.111	586	7779
51	101	PICE.MAR	0.091	773	5621
51	101	PICE.RUB	0.091	4316	11237
51	101	PINU.BAN	0.2	860	8482
51	101	PINU.RES	0.2	982	9496
51	101	PINU.STR	0.143	744	7365
51	101	POPU.TRE	0.167	627	6245
51	101	QUER.RUB	0.125	2000	10651
51	101	THUJ.SPP.ALL	0.091	532	5674
51	101	TSUG.CAN	0.091	479	6000
51	102	ABIE.BAL	0.143	683	3515
51	102	ACER.RUB	0.2	745	5658
51	102	ACER.SAH	0.143	800	7293
51	102	BETU.ALL	0.143	686	5334
51	102	BETU.PAP	0.2	449	3186
51	102	FAGU.GRA	0.125	937	10384
51	102	LARI.LAR	0.167	344	2110
51	102	PICE.GLA	0.111	586	8685
51	102	PICE.MAR	0.091	894	7207
51	102	PICE.RUB	0.091	2813	12471
51	102	PINU.BAN	0.167	936	8728
51	102	PINU.RES	0.2	1055	9526
51	102	PINU.STR	0.143	806	7599
51	102	POPU.TRE	0.167	788	6583
51	102	QUER.RUB	0.143	1089	13923
51	102	THUJ.SPP.ALL	0.091	575	5760
51	102	TSUG.CAN	0.091	540	6287
51	182	ABIE.BAL	0.143	722	3271
51	182	ACER.RUB	0.2	757	5681
51	182	ACER.SAH	0.143	952	6263
51	182	BETU.ALL	0.143	721	5706
51	182	BETU.PAP	0.2	488	3107
51	182	FAGU.GRA	0.125	1052	10621
51	182	LARI.LAR	0.167	279	1762
51	182	PICE.GLA	0.111	652	8967
51	182	PICE.MAR	0.091	826	6495
51	182	PICE.RUB	0.083	3436	11546
51	182	PINU.BAN	0.2	983	8772
51	182	PINU.RES	0.143	1107	9712
51	182	PINU.STR	0.143	887	7786
51	182	POPU.TRE	0.167	860	6620
51	182	QUER.RUB	0.143	987	11758
51	182	THUJ.SPP.ALL	0.091	614	6151
51	182	TSUG.CAN	0.091	548	6544
51	183	ABIE.BAL	0.143	528	2871
51	183	ACER.RUB	0.2	706	5567
51	183	ACER.SAH	0.143	4414	5047
51	183	BETU.ALL	0.143	688	5435
51	183	BETU.PAP	0.2	433	2961
51	183	FAGU.GRA	0.125	1014	10687
51	183	LARI.LAR	0.167	234	1414
51	183	PICE.GLA	0.111	618	9054
51	183	PICE.MAR	0.091	711	5612
51	183	PICE.RUB	0.091	2267	11546
51	183	PINU.BAN	0.167	983	8579
51	183	PINU.RES	0.143	1069	9823
51	183	PINU.STR	0.143	858	7967
51	183	POPU.TRE	0.167	791	6308
51	183	QUER.RUB	0.143	1528	9977
51	183	THUJ.SPP.ALL	0.091	559	6007
51	183	TSUG.CAN	0.091	500	6180
51	184	ABIE.BAL	0.111	947	3059
51	184	ACER.RUB	0.2	663	5595
51	184	ACER.SAH	0.111	1860	4949
51	184	BETU.ALL	0.125	742	5673
51	184	BETU.PAP	0.2	422	3136
51	184	FAGU.GRA	0.125	976	10382
51	184	LARI.LAR	0.167	411	1679
51	184	PICE.GLA	0.111	653	9056
51	184	PICE.MAR	0.091	994	5906
51	184	PICE.RUB	0.091	3176	11575
51	184	PINU.BAN	0.167	990	8630
51	184	PINU.RES	0.167	1028	9821
51	184	PINU.STR	0.143	844	7756
51	184	POPU.TRE	0.2	732	6276
51	184	QUER.RUB	0.143	2052	10149
51	184	THUJ.SPP.ALL	0.091	665	6381
51	184	TSUG.CAN	0.091	511	6187
51	185	ABIE.BAL	0.125	770	3385
51	185	ACER.RUB	0.2	766	5727
51	185	ACER.SAH	0.125	1114	7154
51	185	BETU.ALL	0.125	773	5513
51	185	BETU.PAP	0.2	486	3077
51	185	FAGU.GRA	0.125	1030	10671
51	185	LARI.LAR	0.167	332	2212
51	185	PICE.GLA	0.111	710	9300
51	185	PICE.MAR	0.091	746	6904
51	185	PICE.RUB	0.091	3483	12137
51	185	PINU.BAN	0.167	1032	8774
51	185	PINU.RES	0.167	1116	9935
51	185	PINU.STR	0.143	870	7873
51	185	POPU.TRE	0.2	882	6596
51	185	QUER.RUB	0.143	861	12545
51	185	THUJ.SPP.ALL	0.091	723	6387
51	185	TSUG.CAN	0.091	566	6514
51	186	ABIE.BAL	0.143	759	3033
51	186	ACER.RUB	0.2	726	5632
51	186	ACER.SAH	0.143	1565	5605
51	186	BETU.ALL	0.143	703	5479
51	186	BETU.PAP	0.2	459	3106
51	186	FAGU.GRA	0.125	1041	10205
51	186	LARI.LAR	0.143	273	1423
51	186	PICE.GLA	0.111	618	8982
51	186	PICE.MAR	0.071	747	5867
51	186	PICE.RUB	0.091	3289	11429
51	186	PINU.BAN	0.2	970	8549
51	186	PINU.RES	0.143	1096	9601
51	186	PINU.STR	0.143	882	7955
51	186	POPU.TRE	0.167	827	6478
51	186	QUER.RUB	0.125	1270	11523
51	186	THUJ.SPP.ALL	0.091	587	5955
51	186	TSUG.CAN	0.091	533	6347
51	187	ABIE.BAL	0.111	463	2715
51	187	ACER.RUB	0.2	660	5392
51	187	ACER.SAH	0.143	2215	4609
51	187	BETU.ALL	0.143	630	5334
51	187	BETU.PAP	0.2	438	2938
51	187	FAGU.GRA	0.125	939	10462
51	187	LARI.LAR	0.143	201	1268
51	187	PICE.GLA	0.111	587	8870
51	187	PICE.MAR	0.091	695	5415
51	187	PICE.RUB	0.091	2877	11023
51	187	PINU.BAN	0.167	940	8541
51	187	PINU.RES	0.2	987	9894
51	187	PINU.STR	0.143	851	7542
51	187	POPU.TRE	0.167	662	6081
51	187	QUER.RUB	0.143	3564	9839
51	187	THUJ.SPP.ALL	0.091	557	5967
51	187	TSUG.CAN	0.091	458	6291
51	188	ABIE.BAL	0.143	790	3342
51	188	ACER.RUB	0.2	787	5715
51	188	ACER.SAH	0.143	667	6585
51	188	BETU.ALL	0.143	698	5987
51	188	BETU.PAP	0.2	477	3215
51	188	FAGU.GRA	0.125	1026	11316
51	188	LARI.LAR	0.167	295	1869
51	188	PICE.GLA	0.111	678	9876
51	188	PICE.MAR	0.091	917	6408
51	188	PICE.RUB	0.091	3486	11796
51	188	PINU.BAN	0.2	1015	8775
51	188	PINU.RES	0.143	1137	9837
51	188	PINU.STR	0.143	908	8069
51	188	POPU.TRE	0.167	906	6603
51	188	QUER.RUB	0.143	943	12652
51	188	THUJ.SPP.ALL	0.091	591	6340
51	188	TSUG.CAN	0.091	564	6484
51	189	ABIE.BAL	0.125	803	3426
51	189	ACER.RUB	0.2	723	5886
51	189	ACER.SAH	0.125	755	7039
51	189	BETU.ALL	0.125	776	5926
51	189	BETU.PAP	0.2	469	3206
51	189	FAGU.GRA	0.125	1014	10511
51	189	LARI.LAR	0.167	347	1989
51	189	PICE.GLA	0.111	723	9596
51	189	PICE.MAR	0.091	938	7159
51	189	PICE.RUB	0.091	2578	11651
51	189	PINU.BAN	0.167	1059	8800
51	189	PINU.RES	0.167	1116	9966
51	189	PINU.STR	0.143	862	7837
51	189	POPU.TRE	0.2	853	6587
51	189	QUER.RUB	0.143	1317	12450
51	189	THUJ.SPP.ALL	0.091	658	6081
51	189	TSUG.CAN	0.091	578	6494
51	190	ABIE.BAL	0.125	629	2775
51	190	ACER.RUB	0.2	602	5446
51	190	ACER.SAH	0.125	2028	4995
51	190	BETU.ALL	0.125	671	5486
51	190	BETU.PAP	0.2	414	2921
51	190	FAGU.GRA	0.125	912	10166
51	190	LARI.LAR	0.167	223	1331
51	190	PICE.GLA	0.111	627	9027
51	190	PICE.MAR	0.091	801	5495
51	190	PICE.RUB	0.062	1999	11689
51	190	PINU.BAN	0.167	940	8724
51	190	PINU.RES	0.167	1052	9630
51	190	PINU.STR	0.143	826	7922
51	190	POPU.TRE	0.2	721	6294
51	190	QUER.RUB	0.111	3638	9982
51	190	THUJ.SPP.ALL	0.091	611	6130
51	190	TSUG.CAN	0.091	524	5773
51	191	ABIE.BAL	0.143	748	3171
51	191	ACER.RUB	0.2	709	5585
51	191	ACER.SAH	0.143	1204	5591
51	191	BETU.ALL	0.143	680	5619
51	191	BETU.PAP	0.2	441	3059
51	191	FAGU.GRA	0.125	956	10459
51	191	LARI.LAR	0.167	331	1600
51	191	PICE.GLA	0.111	616	8897
51	191	PICE.MAR	0.091	813	6332
51	191	PICE.RUB	0.091	3041	11873
51	191	PINU.BAN	0.167	947	8630
51	191	PINU.RES	0.2	1002	9725
51	191	PINU.STR	0.143	837	7582
51	191	POPU.TRE	0.167	723	6257
51	191	QUER.RUB	0.125	1960	11081
51	191	THUJ.SPP.ALL	0.091	575	6174
51	191	TSUG.CAN	0.091	485	6087
51	192	ABIE.BAL	0.143	627	3448
51	192	ACER.RUB	0.2	754	5838
51	192	ACER.SAH	0.143	858	7480
51	192	BETU.ALL	0.143	755	5691
51	192	BETU.PAP	0.2	478	3102
51	192	FAGU.GRA	0.125	1001	10628
51	192	LARI.LAR	0.167	303	1992
51	192	PICE.GLA	0.111	636	9547
51	192	PICE.MAR	0.091	923	6903
51	192	PICE.RUB	0.091	2638	11877
51	192	PINU.BAN	0.2	980	8721
51	192	PINU.RES	0.143	1077	9875
51	192	PINU.STR	0.143	885	7634
51	192	POPU.TRE	0.167	887	6598
51	192	QUER.RUB	0.143	1152	13073
51	192	THUJ.SPP.ALL	0.091	607	6071
51	192	TSUG.CAN	0.091	557	6503
51	193	ABIE.BAL	0.143	725	3476
51	193	ACER.RUB	0.2	651	5478
51	193	ACER.SAH	0.143	855	6985
51	193	BETU.ALL	0.143	646	5325
51	193	BETU.PAP	0.2	418	3025
51	193	FAGU.GRA	0.125	835	9930
51	193	LARI.LAR	0.167	328	1938
51	193	PICE.GLA	0.111	555	8335
51	193	PICE.MAR	0.091	972	7013
51	193	PICE.RUB	0.091	2844	12338
51	193	PINU.BAN	0.167	911	8540
51	193	PINU.RES	0.2	1012	9470
51	193	PINU.STR	0.143	738	7383
51	193	POPU.TRE	0.2	691	6261
51	193	QUER.RUB	0.143	1031	13940
51	193	THUJ.SPP.ALL	0.091	530	5722
51	193	TSUG.CAN	0.091	493	5892
51	194	ABIE.BAL	0.111	776	3277
51	194	ACER.RUB	0.2	627	5387
51	194	ACER.SAH	0.125	1241	6426
51	194	BETU.ALL	0.125	659	5378
51	194	BETU.PAP	0.2	421	2920
51	194	FAGU.GRA	0.125	811	10203
51	194	LARI.LAR	0.167	313	1723
51	194	PICE.GLA	0.111	584	8064
51	194	PICE.MAR	0.083	1042	6493
51	194	PICE.RUB	0.083	3047	11724
51	194	PINU.BAN	0.167	978	8401
51	194	PINU.RES	0.2	938	9593
51	194	PINU.STR	0.143	741	7617
51	194	POPU.TRE	0.2	604	6112
51	194	QUER.RUB	0.143	1449	11543
51	194	THUJ.SPP.ALL	0.091	526	5708
51	194	TSUG.CAN	0.091	472	5874
51	195	ABIE.BAL	0.111	869	3124
51	195	ACER.RUB	0.2	565	5374
51	195	ACER.SAH	0.125	1616	5618
51	195	BETU.ALL	0.125	606	5404
51	195	BETU.PAP	0.2	380	2865
51	195	FAGU.GRA	0.125	792	9991
51	195	LARI.LAR	0.167	334	1605
51	195	PICE.GLA	0.111	566	8123
51	195	PICE.MAR	0.091	804	6057
51	195	PICE.RUB	0.083	3528	11906
51	195	PINU.BAN	0.167	838	8281
51	195	PINU.RES	0.167	898	9329
51	195	PINU.STR	0.143	715	7271
51	195	POPU.TRE	0.2	568	6063
51	195	QUER.RUB	0.125	2105	10552
51	195	THUJ.SPP.ALL	0.091	501	5594
51	195	TSUG.CAN	0.091	452	5850
51	196	ABIE.BAL	0.125	794	3506
51	196	ACER.RUB	0.2	667	5549
51	196	ACER.SAH	0.125	726	6760
51	196	BETU.ALL	0.125	672	5639
51	196	BETU.PAP	0.2	432	3004
51	196	FAGU.GRA	0.125	847	10404
51	196	LARI.LAR	0.167	356	1966
51	196	PICE.GLA	0.111	577	8054
51	196	PICE.MAR	0.091	815	7043
51	196	PICE.RUB	0.091	3123	12138
51	196	PINU.BAN	0.167	897	8482
51	196	PINU.RES	0.167	985	9573
51	196	PINU.STR	0.143	740	7518
51	196	POPU.TRE	0.2	696	6249
51	196	QUER.RUB	0.143	1160	13093
51	196	THUJ.SPP.ALL	0.091	527	5634
51	196	TSUG.CAN	0.091	490	6194
51	197	ABIE.BAL	0.125	619	3543
51	197	ACER.RUB	0.2	664	5566
51	197	ACER.SAH	0.125	885	7428
51	197	BETU.ALL	0.125	697	5565
51	197	BETU.PAP	0.2	430	3109
51	197	FAGU.GRA	0.125	882	10188
51	197	LARI.LAR	0.167	350	2118
51	197	PICE.GLA	0.111	565	8191
51	197	PICE.MAR	0.091	876	7422
51	197	PICE.RUB	0.091	2970	12035
51	197	PINU.BAN	0.167	927	8640
51	197	PINU.RES	0.167	988	9958
51	197	PINU.STR	0.143	752	7611
51	197	POPU.TRE	0.2	734	6341
51	197	QUER.RUB	0.125	939	13970
51	197	THUJ.SPP.ALL	0.091	536	6005
51	197	TSUG.CAN	0.091	483	6386
51	198	ABIE.BAL	0.125	816	3251
51	198	ACER.RUB	0.2	589	5562
51	198	ACER.SAH	0.125	956	5489
51	198	BETU.ALL	0.125	649	5304
51	198	BETU.PAP	0.2	391	2903
51	198	FAGU.GRA	0.125	807	9853
51	198	LARI.LAR	0.167	311	1634
51	198	PICE.GLA	0.111	565	7742
51	198	PICE.MAR	0.091	828	6577
51	198	PICE.RUB	0.091	3671	12319
51	198	PINU.BAN	0.167	830	8382
51	198	PINU.RES	0.167	921	9512
51	198	PINU.STR	0.143	709	7526
51	198	POPU.TRE	0.2	609	6124
51	198	QUER.RUB	0.125	1224	10937
51	198	THUJ.SPP.ALL	0.091	526	5634
51	198	TSUG.CAN	0.091	454	5955
51	275	ABIE.BAL	0.111	679	3336
51	275	ACER.RUB	0.2	714	5619
51	275	ACER.SAH	0.125	716	6539
51	275	BETU.ALL	0.125	752	5499
51	275	BETU.PAP	0.167	501	3145
51	275	FAGU.GRA	0.125	1009	10409
51	275	LARI.LAR	0.167	325	1930
51	275	PICE.GLA	0.111	686	9448
51	275	PICE.MAR	0.091	788	6897
51	275	PICE.RUB	0.091	3140	11615
51	275	PINU.BAN	0.167	1037	8780
51	275	PINU.RES	0.167	1101	9739
51	275	PINU.STR	0.143	829	7845
51	275	POPU.TRE	0.2	743	6551
51	275	QUER.RUB	0.111	1479	11514
51	275	THUJ.SPP.ALL	0.091	613	5942
51	275	TSUG.CAN	0.091	539	6613
51	276	ABIE.BAL	0.111	679	2643
51	276	ACER.RUB	0.2	604	5473
51	276	ACER.SAH	0.125	4019	4935
51	276	BETU.ALL	0.125	675	5479
51	276	BETU.PAP	0.167	347	2980
51	276	FAGU.GRA	0.125	948	10514
51	276	LARI.LAR	0.167	209	1409
51	276	PICE.GLA	0.111	626	9190
51	276	PICE.MAR	0.059	608	5953
51	276	PICE.RUB	0.091	2360	11155
51	276	PINU.BAN	0.167	986	8788
51	276	PINU.RES	0.167	1083	9905
51	276	PINU.STR	0.143	820	7722
51	276	POPU.TRE	0.2	694	6219
51	276	QUER.RUB	0.111	3889	9519
51	276	THUJ.SPP.ALL	0.091	618	6007
51	276	TSUG.CAN	0.091	486	5910
51	277	ABIE.BAL	0.125	697	3338
51	277	ACER.RUB	0.2	694	5449
51	277	ACER.SAH	0.125	751	6138
51	277	BETU.ALL	0.125	665	5631
51	277	BETU.PAP	0.2	449	3155
51	277	FAGU.GRA	0.125	946	10449
51	277	LARI.LAR	0.2	296	1716
51	277	PICE.GLA	0.111	707	9741
51	277	PICE.MAR	0.091	1050	6914
51	277	PICE.RUB	0.091	3043	11693
51	277	PINU.BAN	0.167	1050	8702
51	277	PINU.RES	0.167	1069	9884
51	277	PINU.STR	0.143	837	7755
51	277	POPU.TRE	0.2	831	6625
51	277	QUER.RUB	0.125	1447	10871
51	277	THUJ.SPP.ALL	0.091	549	6098
51	277	TSUG.CAN	0.083	530	6027
51	278	ABIE.BAL	0.071	537	2418
51	278	ACER.RUB	0.2	611	5302
51	278	ACER.SAH	0.125	2483	4519
51	278	BETU.ALL	0.125	614	5621
51	278	BETU.PAP	0.167	387	2964
51	278	FAGU.GRA	0.125	956	10168
51	278	LARI.LAR	0.067	208	1039
51	278	PICE.GLA	0.111	605	9026
51	278	PICE.MAR	0.067	502	5261
51	278	PICE.RUB	0.056	1548	10142
51	278	PINU.BAN	0.167	992	8641
51	278	PINU.RES	0.167	1043	10070
51	278	PINU.STR	0.143	794	7438
51	278	POPU.TRE	0.2	560	6014
51	278	QUER.RUB	0.05	1766	10424
51	278	THUJ.SPP.ALL	0.091	526	6012
51	278	TSUG.CAN	0.083	472	5758
51	283	ABIE.BAL	0.125	524	3615
51	283	ACER.RUB	0.2	746	5932
51	283	ACER.SAH	0.125	989	8007
51	283	BETU.ALL	0.125	765	5742
51	283	BETU.PAP	0.167	517	3253
51	283	FAGU.GRA	0.125	983	9991
51	283	LARI.LAR	0.167	321	2121
51	283	PICE.GLA	0.111	752	9617
51	283	PICE.MAR	0.091	791	7648
51	283	PICE.RUB	0.091	1682	12223
51	283	PINU.BAN	0.167	1055	8616
51	283	PINU.RES	0.167	1093	9761
51	283	PINU.STR	0.143	833	7520
51	283	POPU.TRE	0.2	917	6659
51	283	QUER.RUB	0.125	1027	14100
51	283	THUJ.SPP.ALL	0.091	546	6008
51	283	TSUG.CAN	0.091	577	6451
51	284	ABIE.BAL	0.125	861	3173
51	284	ACER.RUB	0.2	678	5659
51	284	ACER.SAH	0.125	757	5554
51	284	BETU.ALL	0.125	631	5477
51	284	BETU.PAP	0.167	480	3076
51	284	FAGU.GRA	0.125	985	10315
51	284	LARI.LAR	0.167	326	1601
51	284	PICE.GLA	0.111	678	9245
51	284	PICE.MAR	0.083	909	6256
51	284	PICE.RUB	0.083	4267	12480
51	284	PINU.BAN	0.167	996	8661
51	284	PINU.RES	0.167	999	9829
51	284	PINU.STR	0.143	817	7838
51	284	POPU.TRE	0.2	788	6503
51	284	QUER.RUB	0.125	3493	11267
51	284	THUJ.SPP.ALL	0.091	526	5798
51	284	TSUG.CAN	0.091	521	6149
51	288	ABIE.BAL	0.111	562	3511
51	288	ACER.RUB	0.2	757	5668
51	288	ACER.SAH	0.125	847	7281
51	288	BETU.ALL	0.125	709	5791
51	288	BETU.PAP	0.2	465	3137
51	288	FAGU.GRA	0.125	949	10617
51	288	LARI.LAR	0.167	319	2054
51	288	PICE.GLA	0.111	645	8846
51	288	PICE.MAR	0.091	909	7482
51	288	PICE.RUB	0.091	2354	12055
51	288	PINU.BAN	0.167	950	8641
51	288	PINU.RES	0.167	1005	9602
51	288	PINU.STR	0.143	808	7921
51	288	POPU.TRE	0.2	823	6542
51	288	QUER.RUB	0.125	1080	13924
51	288	THUJ.SPP.ALL	0.091	526	5846
51	288	TSUG.CAN	0.091	560	6318
51	289	ABIE.BAL	0.125	859	3201
51	289	ACER.RUB	0.2	695	5405
51	289	ACER.SAH	0.125	1180	5802
51	289	BETU.ALL	0.125	643	5317
51	289	BETU.PAP	0.2	411	2979
51	289	FAGU.GRA	0.125	874	10066
51	289	LARI.LAR	0.167	223	1559
51	289	PICE.GLA	0.111	578	8259
51	289	PICE.MAR	0.083	962	6230
51	289	PICE.RUB	0.091	3248	11770
51	289	PINU.BAN	0.167	847	8439
51	289	PINU.RES	0.167	914	9669
51	289	PINU.STR	0.143	743	7278
51	289	POPU.TRE	0.2	647	6459
51	289	QUER.RUB	0.125	1331	11326
51	289	THUJ.SPP.ALL	0.091	511	5674
51	289	TSUG.CAN	0.091	455	5936
