LandisData "Dynamic Input Data"

>> WARNING - THIS IS A BIAS-CORRECTED INPUT FILE

>> The following multiplier was applied to all species's original maxB and maxANPP
>>	multiplier
>>	0.643475324

>> The following species' parameters (maxANPP and maxB) have also been modified

>>	species		averageMaxBiomassTarget	finalMultiplier
>>	ABIE.BAL	0.3			1.859746925

>>	year	landtype	species	probEst	maxANPP	maxB

0	67	ABIE.BAL	0.125	802	3727
0	67	ACER.RUB	0.143	827	5917
0	67	ACER.SAH	0.125	871	7685
0	67	BETU.ALL	0.143	705	5927
0	67	BETU.PAP	0.25	488	3394
0	67	FAGU.GRA	0.125	1046	10960
0	67	LARI.LAR	0.143	363	2214
0	67	PICE.GLA	0.125	725	10132
0	67	PICE.MAR	0.083	1027	7702
0	67	PICE.RUB	0.083	2964	12703
0	67	PINU.BAN	0.25	1015	8985
0	67	PINU.RES	0.167	1152	10031
0	67	PINU.STR	0.111	939	7697
0	67	POPU.TRE	0.2	864	6788
0	67	QUER.RUB	0.1	1098	14247
0	67	THUJ.SPP.ALL	0.1	616	6388
0	67	TSUG.CAN	0.077	555	6297
0	68	ABIE.BAL	0.125	638	3950
0	68	ACER.RUB	0.143	959	6101
0	68	ACER.SAH	0.125	898	8224
0	68	BETU.ALL	0.143	853	6244
0	68	BETU.PAP	0.25	586	3533
0	68	FAGU.GRA	0.125	1233	10890
0	68	LARI.LAR	0.143	349	2461
0	68	PICE.GLA	0.125	955	10845
0	68	PICE.MAR	0.083	865	8312
0	68	PICE.RUB	0.083	2597	12975
0	68	PINU.BAN	0.25	1154	9060
0	68	PINU.RES	0.167	1295	10203
0	68	PINU.STR	0.111	1095	8008
0	68	POPU.TRE	0.2	1091	7158
0	68	QUER.RUB	0.1	1201	14416
0	68	THUJ.SPP.ALL	0.1	674	6527
0	68	TSUG.CAN	0.077	689	6840
0	122	ABIE.BAL	0.111	530	3612
0	122	ACER.RUB	0.143	739	5258
0	122	ACER.SAH	0.1	1008	8072
0	122	BETU.ALL	0.111	605	5805
0	122	BETU.PAP	0.2	414	3089
0	122	FAGU.GRA	0.111	810	9987
0	122	LARI.LAR	0.143	322	2228
0	122	PICE.GLA	0.111	591	8538
0	122	PICE.MAR	0.083	777	7998
0	122	PICE.RUB	0.077	1928	11956
0	122	PINU.BAN	0.143	936	8630
0	122	PINU.RES	0.125	1039	9348
0	122	PINU.STR	0.1	621	6553
0	122	POPU.TRE	0.143	745	6447
0	122	QUER.RUB	0.077	853	12043
0	122	THUJ.SPP.ALL	0.077	526	5906
0	122	TSUG.CAN	0.067	380	5267
0	123	ABIE.BAL	0.111	723	3370
0	123	ACER.RUB	0.143	662	5035
0	123	ACER.SAH	0.1	651	6704
0	123	BETU.ALL	0.111	622	5544
0	123	BETU.PAP	0.2	364	2974
0	123	FAGU.GRA	0.111	798	9754
0	123	LARI.LAR	0.143	261	1887
0	123	PICE.GLA	0.111	645	8291
0	123	PICE.MAR	0.083	853	7120
0	123	PICE.RUB	0.077	2194	11125
0	123	PINU.BAN	0.143	920	8502
0	123	PINU.RES	0.125	1012	9651
0	123	PINU.STR	0.1	601	6123
0	123	POPU.TRE	0.143	658	6243
0	123	QUER.RUB	0.077	1357	10132
0	123	THUJ.SPP.ALL	0.077	505	5690
0	123	TSUG.CAN	0.062	425	4788
0	124	ABIE.BAL	0.111	710	3786
0	124	ACER.RUB	0.143	741	5719
0	124	ACER.SAH	0.111	966	8226
0	124	BETU.ALL	0.143	661	5710
0	124	BETU.PAP	0.25	446	3226
0	124	FAGU.GRA	0.111	920	10064
0	124	LARI.LAR	0.143	290	2221
0	124	PICE.GLA	0.111	657	9311
0	124	PICE.MAR	0.091	835	7995
0	124	PICE.RUB	0.077	2687	12299
0	124	PINU.BAN	0.167	959	8854
0	124	PINU.RES	0.143	1073	9804
0	124	PINU.STR	0.111	802	7370
0	124	POPU.TRE	0.167	829	6690
0	124	QUER.RUB	0.091	1190	12790
0	124	THUJ.SPP.ALL	0.091	539	5903
0	124	TSUG.CAN	0.071	494	5862
0	125	ABIE.BAL	0.125	712	3706
0	125	ACER.RUB	0.143	894	5969
0	125	ACER.SAH	0.125	919	7767
0	125	BETU.ALL	0.143	763	6468
0	125	BETU.PAP	0.25	499	3325
0	125	FAGU.GRA	0.125	1167	10521
0	125	LARI.LAR	0.143	330	2197
0	125	PICE.GLA	0.111	865	10176
0	125	PICE.MAR	0.083	1053	7591
0	125	PICE.RUB	0.091	2722	12651
0	125	PINU.BAN	0.25	1100	9004
0	125	PINU.RES	0.167	1226	10218
0	125	PINU.STR	0.143	991	7867
0	125	POPU.TRE	0.2	981	7042
0	125	QUER.RUB	0.1	1242	14213
0	125	THUJ.SPP.ALL	0.1	595	6180
0	125	TSUG.CAN	0.077	607	6704
0	126	ABIE.BAL	0.111	526	3414
0	126	ACER.RUB	0.143	618	5587
0	126	ACER.SAH	0.111	1039	7018
0	126	BETU.ALL	0.143	614	5578
0	126	BETU.PAP	0.25	423	3069
0	126	FAGU.GRA	0.111	876	10287
0	126	LARI.LAR	0.143	290	1966
0	126	PICE.GLA	0.111	638	8280
0	126	PICE.MAR	0.091	668	6834
0	126	PICE.RUB	0.077	2053	11740
0	126	PINU.BAN	0.167	939	8600
0	126	PINU.RES	0.143	1015	9740
0	126	PINU.STR	0.111	753	7391
0	126	POPU.TRE	0.167	633	6372
0	126	QUER.RUB	0.083	1732	11358
0	126	THUJ.SPP.ALL	0.091	539	5858
0	126	TSUG.CAN	0.077	409	5798
0	127	ABIE.BAL	0.111	638	3547
0	127	ACER.RUB	0.143	728	5527
0	127	ACER.SAH	0.111	723	7464
0	127	BETU.ALL	0.125	655	5555
0	127	BETU.PAP	0.2	436	3110
0	127	FAGU.GRA	0.111	914	10012
0	127	LARI.LAR	0.143	282	2069
0	127	PICE.GLA	0.111	633	9042
0	127	PICE.MAR	0.083	755	7513
0	127	PICE.RUB	0.077	2831	11822
0	127	PINU.BAN	0.167	962	8621
0	127	PINU.RES	0.143	1066	9747
0	127	PINU.STR	0.1	758	6941
0	127	POPU.TRE	0.167	755	6480
0	127	QUER.RUB	0.091	1100	11350
0	127	THUJ.SPP.ALL	0.091	532	5874
0	127	TSUG.CAN	0.067	429	5542
0	128	ABIE.BAL	0.111	638	3764
0	128	ACER.RUB	0.143	756	5813
0	128	ACER.SAH	0.111	979	8320
0	128	BETU.ALL	0.143	694	5961
0	128	BETU.PAP	0.2	484	3287
0	128	FAGU.GRA	0.111	1001	10357
0	128	LARI.LAR	0.143	321	2351
0	128	PICE.GLA	0.111	711	9444
0	128	PICE.MAR	0.091	903	8277
0	128	PICE.RUB	0.077	2338	12720
0	128	PINU.BAN	0.167	1019	8791
0	128	PINU.RES	0.143	1114	9867
0	128	PINU.STR	0.1	870	7273
0	128	POPU.TRE	0.167	921	6806
0	128	QUER.RUB	0.091	1129	13645
0	128	THUJ.SPP.ALL	0.091	561	5887
0	128	TSUG.CAN	0.071	492	6089
0	129	ABIE.BAL	0.111	550	4036
0	129	ACER.RUB	0.143	921	6067
0	129	ACER.SAH	0.111	1021	8668
0	129	BETU.ALL	0.143	865	6066
0	129	BETU.PAP	0.25	585	3431
0	129	FAGU.GRA	0.111	1224	10499
0	129	LARI.LAR	0.143	323	2453
0	129	PICE.GLA	0.111	1009	10628
0	129	PICE.MAR	0.091	917	8813
0	129	PICE.RUB	0.077	2356	13254
0	129	PINU.BAN	0.167	1221	9076
0	129	PINU.RES	0.143	1338	10151
0	129	PINU.STR	0.111	985	7903
0	129	POPU.TRE	0.167	1116	7294
0	129	QUER.RUB	0.091	1392	13888
0	129	THUJ.SPP.ALL	0.091	629	6274
0	129	TSUG.CAN	0.071	625	6545
0	130	ABIE.BAL	0.111	478	3963
0	130	ACER.RUB	0.143	811	5846
0	130	ACER.SAH	0.111	1003	8325
0	130	BETU.ALL	0.125	835	6253
0	130	BETU.PAP	0.25	532	3393
0	130	FAGU.GRA	0.111	1043	10527
0	130	LARI.LAR	0.143	355	2461
0	130	PICE.GLA	0.111	891	10419
0	130	PICE.MAR	0.091	972	8794
0	130	PICE.RUB	0.077	1743	13068
0	130	PINU.BAN	0.167	1149	9002
0	130	PINU.RES	0.143	1252	10047
0	130	PINU.STR	0.111	932	7578
0	130	POPU.TRE	0.167	990	7057
0	130	QUER.RUB	0.091	1262	14397
0	130	THUJ.SPP.ALL	0.091	614	6336
0	130	TSUG.CAN	0.071	550	6557
0	131	ABIE.BAL	0.111	491	4201
0	131	ACER.RUB	0.143	915	6036
0	131	ACER.SAH	0.111	1017	8916
0	131	BETU.ALL	0.125	879	6451
0	131	BETU.PAP	0.2	614	3634
0	131	FAGU.GRA	0.111	1185	10563
0	131	LARI.LAR	0.167	364	2532
0	131	PICE.GLA	0.111	1028	11113
0	131	PICE.MAR	0.091	985	8915
0	131	PICE.RUB	0.077	1964	13119
0	131	PINU.BAN	0.167	1234	9047
0	131	PINU.RES	0.143	1359	10406
0	131	PINU.STR	0.1	976	7532
0	131	POPU.TRE	0.167	1079	7311
0	131	QUER.RUB	0.091	1204	13894
0	131	THUJ.SPP.ALL	0.091	649	6529
0	131	TSUG.CAN	0.067	600	6728
0	132	ABIE.BAL	0.125	556	4298
0	132	ACER.RUB	0.143	902	6261
0	132	ACER.SAH	0.111	1198	9105
0	132	BETU.ALL	0.125	960	6390
0	132	BETU.PAP	0.2	620	3579
0	132	FAGU.GRA	0.111	1203	10729
0	132	LARI.LAR	0.143	277	2706
0	132	PICE.GLA	0.111	1052	11214
0	132	PICE.MAR	0.1	867	9694
0	132	PICE.RUB	0.077	2433	13501
0	132	PINU.BAN	0.167	1239	9167
0	132	PINU.RES	0.143	1329	10413
0	132	PINU.STR	0.1	991	7704
0	132	POPU.TRE	0.167	1160	7253
0	132	QUER.RUB	0.1	1542	15296
0	132	THUJ.SPP.ALL	0.091	671	6302
0	132	TSUG.CAN	0.067	632	6474
0	205	ABIE.BAL	0.111	658	3401
0	205	ACER.RUB	0.125	726	4815
0	205	ACER.SAH	0.091	864	7258
0	205	BETU.ALL	0.111	581	5467
0	205	BETU.PAP	0.167	422	3017
0	205	FAGU.GRA	0.1	773	9650
0	205	LARI.LAR	0.125	262	2016
0	205	PICE.GLA	0.1	594	8420
0	205	PICE.MAR	0.083	784	7368
0	205	PICE.RUB	0.062	2254	11159
0	205	PINU.BAN	0.143	871	8317
0	205	PINU.RES	0.125	941	9192
0	205	PINU.STR	0.083	619	5253
0	205	POPU.TRE	0.143	685	6148
0	205	QUER.RUB	0.05	843	9870
0	205	THUJ.SPP.ALL	0.077	479	5321
0	205	TSUG.CAN	0.053	402	4434
0	206	ABIE.BAL	0.111	573	3188
0	206	ACER.RUB	0.1	499	4463
0	206	ACER.SAH	0.083	780	5249
0	206	BETU.ALL	0.111	550	5239
0	206	BETU.PAP	0.167	349	2844
0	206	FAGU.GRA	0.1	657	9240
0	206	LARI.LAR	0.125	194	1631
0	206	PICE.GLA	0.1	622	7697
0	206	PICE.MAR	0.083	716	6775
0	206	PICE.RUB	0.062	1829	10949
0	206	PINU.BAN	0.143	762	8067
0	206	PINU.RES	0.111	891	9158
0	206	PINU.STR	0.059	534	4671
0	206	POPU.TRE	0.143	587	5908
0	206	QUER.RUB	0.043	1214	8562
0	206	THUJ.SPP.ALL	0.077	490	5216
0	206	TSUG.CAN	0.05	445	4248
0	207	ABIE.BAL	0.111	690	3277
0	207	ACER.RUB	0.111	661	4755
0	207	ACER.SAH	0.091	518	5587
0	207	BETU.ALL	0.111	575	5469
0	207	BETU.PAP	0.167	387	2948
0	207	FAGU.GRA	0.1	745	9605
0	207	LARI.LAR	0.143	244	1898
0	207	PICE.GLA	0.111	632	7789
0	207	PICE.MAR	0.083	657	7125
0	207	PICE.RUB	0.071	2121	11002
0	207	PINU.BAN	0.143	853	8264
0	207	PINU.RES	0.125	950	9327
0	207	PINU.STR	0.083	528	5438
0	207	POPU.TRE	0.143	613	6081
0	207	QUER.RUB	0.067	1418	8881
0	207	THUJ.SPP.ALL	0.077	490	5532
0	207	TSUG.CAN	0.056	355	4360
0	208	ABIE.BAL	0.111	783	3664
0	208	ACER.RUB	0.143	790	5168
0	208	ACER.SAH	0.091	887	7563
0	208	BETU.ALL	0.111	651	5702
0	208	BETU.PAP	0.167	417	3078
0	208	FAGU.GRA	0.1	817	10132
0	208	LARI.LAR	0.143	286	2147
0	208	PICE.GLA	0.111	604	8374
0	208	PICE.MAR	0.083	886	7708
0	208	PICE.RUB	0.071	2225	11677
0	208	PINU.BAN	0.143	925	8576
0	208	PINU.RES	0.125	1036	9436
0	208	PINU.STR	0.083	506	5853
0	208	POPU.TRE	0.143	689	6445
0	208	QUER.RUB	0.077	1317	10399
0	208	THUJ.SPP.ALL	0.077	494	5584
0	208	TSUG.CAN	0.059	373	4900
0	209	ABIE.BAL	0.111	610	3113
0	209	ACER.RUB	0.125	827	4215
0	209	ACER.SAH	0.083	837	4876
0	209	BETU.ALL	0.1	504	5009
0	209	BETU.PAP	0.143	333	2742
0	209	FAGU.GRA	0.1	616	9574
0	209	LARI.LAR	0.125	174	1696
0	209	PICE.GLA	0.1	629	7090
0	209	PICE.MAR	0.083	685	6634
0	209	PICE.RUB	0.062	1726	10726
0	209	PINU.BAN	0.143	690	7873
0	209	PINU.RES	0.111	800	8739
0	209	PINU.STR	0.05	680	4596
0	209	POPU.TRE	0.143	532	5691
0	209	QUER.RUB	0.042	887	7903
0	209	THUJ.SPP.ALL	0.077	484	5081
0	209	TSUG.CAN	0.048	364	4251
0	210	ABIE.BAL	0.111	787	3310
0	210	ACER.RUB	0.125	848	4192
0	210	ACER.SAH	0.083	594	5929
0	210	BETU.ALL	0.1	566	5131
0	210	BETU.PAP	0.143	362	2905
0	210	FAGU.GRA	0.1	627	9173
0	210	LARI.LAR	0.125	227	1833
0	210	PICE.GLA	0.1	656	7182
0	210	PICE.MAR	0.083	687	6950
0	210	PICE.RUB	0.062	1896	10806
0	210	PINU.BAN	0.143	737	7872
0	210	PINU.RES	0.111	822	8906
0	210	PINU.STR	0.045	398	4435
0	210	POPU.TRE	0.143	577	5787
0	210	QUER.RUB	0.045	1015	8282
0	210	THUJ.SPP.ALL	0.077	528	5049
0	210	TSUG.CAN	0.048	378	4414
0	211	ABIE.BAL	0.111	604	3472
0	211	ACER.RUB	0.125	396	4647
0	211	ACER.SAH	0.083	676	6934
0	211	BETU.ALL	0.1	597	5151
0	211	BETU.PAP	0.143	402	2997
0	211	FAGU.GRA	0.1	664	9609
0	211	LARI.LAR	0.125	248	1988
0	211	PICE.GLA	0.1	602	7627
0	211	PICE.MAR	0.083	755	7529
0	211	PICE.RUB	0.062	2201	10797
0	211	PINU.BAN	0.143	765	7996
0	211	PINU.RES	0.111	883	8890
0	211	PINU.STR	0.05	630	4726
0	211	POPU.TRE	0.143	636	6115
0	211	QUER.RUB	0.045	1011	9154
0	211	THUJ.SPP.ALL	0.077	485	5156
0	211	TSUG.CAN	0.048	393	4198
0	212	ABIE.BAL	0.111	489	3896
0	212	ACER.RUB	0.143	857	5666
0	212	ACER.SAH	0.111	967	8392
0	212	BETU.ALL	0.125	791	6106
0	212	BETU.PAP	0.2	553	3371
0	212	FAGU.GRA	0.111	1071	11007
0	212	LARI.LAR	0.143	324	2283
0	212	PICE.GLA	0.111	862	10103
0	212	PICE.MAR	0.083	912	8439
0	212	PICE.RUB	0.077	2107	12126
0	212	PINU.BAN	0.167	1134	8830
0	212	PINU.RES	0.143	1214	10026
0	212	PINU.STR	0.1	872	7574
0	212	POPU.TRE	0.167	987	6935
0	212	QUER.RUB	0.091	939	12514
0	212	THUJ.SPP.ALL	0.091	557	6097
0	212	TSUG.CAN	0.067	477	6107
0	213	ABIE.BAL	0.111	688	3673
0	213	ACER.RUB	0.143	760	5268
0	213	ACER.SAH	0.1	881	7092
0	213	BETU.ALL	0.125	608	5541
0	213	BETU.PAP	0.2	431	3080
0	213	FAGU.GRA	0.111	822	10189
0	213	LARI.LAR	0.143	264	2123
0	213	PICE.GLA	0.111	581	8611
0	213	PICE.MAR	0.083	746	7587
0	213	PICE.RUB	0.077	2358	11509
0	213	PINU.BAN	0.167	912	8549
0	213	PINU.RES	0.143	1035	9165
0	213	PINU.STR	0.1	608	6306
0	213	POPU.TRE	0.167	690	6334
0	213	QUER.RUB	0.083	1043	11170
0	213	THUJ.SPP.ALL	0.091	506	5739
0	213	TSUG.CAN	0.067	375	5077
0	214	ABIE.BAL	0.111	761	3277
0	214	ACER.RUB	0.111	564	5184
0	214	ACER.SAH	0.1	652	6083
0	214	BETU.ALL	0.125	606	5396
0	214	BETU.PAP	0.167	385	2975
0	214	FAGU.GRA	0.111	777	9334
0	214	LARI.LAR	0.143	283	1757
0	214	PICE.GLA	0.111	610	8212
0	214	PICE.MAR	0.083	817	6580
0	214	PICE.RUB	0.071	2475	11354
0	214	PINU.BAN	0.167	849	8339
0	214	PINU.RES	0.143	1008	9110
0	214	PINU.STR	0.1	580	6062
0	214	POPU.TRE	0.167	563	6069
0	214	QUER.RUB	0.071	1822	9812
0	214	THUJ.SPP.ALL	0.091	527	5392
0	214	TSUG.CAN	0.067	342	4775
0	215	ABIE.BAL	0.111	489	4082
0	215	ACER.RUB	0.143	875	6096
0	215	ACER.SAH	0.111	891	8459
0	215	BETU.ALL	0.125	863	6127
0	215	BETU.PAP	0.2	573	3557
0	215	FAGU.GRA	0.111	1163	10390
0	215	LARI.LAR	0.167	315	2547
0	215	PICE.GLA	0.111	1046	11000
0	215	PICE.MAR	0.083	930	9033
0	215	PICE.RUB	0.077	1679	12319
0	215	PINU.BAN	0.167	1210	8973
0	215	PINU.RES	0.143	1342	10164
0	215	PINU.STR	0.1	948	7354
0	215	POPU.TRE	0.167	1080	7145
0	215	QUER.RUB	0.091	1161	13876
0	215	THUJ.SPP.ALL	0.091	597	6220
0	215	TSUG.CAN	0.067	571	6402
0	216	ABIE.BAL	0.125	595	3935
0	216	ACER.RUB	0.143	786	5941
0	216	ACER.SAH	0.111	829	8150
0	216	BETU.ALL	0.125	804	5987
0	216	BETU.PAP	0.2	550	3381
0	216	FAGU.GRA	0.111	1077	10474
0	216	LARI.LAR	0.143	367	2370
0	216	PICE.GLA	0.111	880	10494
0	216	PICE.MAR	0.083	825	8552
0	216	PICE.RUB	0.077	1906	12637
0	216	PINU.BAN	0.167	1106	8906
0	216	PINU.RES	0.143	1229	9955
0	216	PINU.STR	0.1	881	7033
0	216	POPU.TRE	0.167	1021	7040
0	216	QUER.RUB	0.091	1062	13143
0	216	THUJ.SPP.ALL	0.091	557	6168
0	216	TSUG.CAN	0.067	495	5896
0	217	ABIE.BAL	0.125	515	4197
0	217	ACER.RUB	0.143	824	5816
0	217	ACER.SAH	0.1	1051	8734
0	217	BETU.ALL	0.111	871	6224
0	217	BETU.PAP	0.167	606	3558
0	217	FAGU.GRA	0.111	1103	10114
0	217	LARI.LAR	0.143	298	2542
0	217	PICE.GLA	0.111	1009	10481
0	217	PICE.MAR	0.091	846	9489
0	217	PICE.RUB	0.077	1483	12944
0	217	PINU.BAN	0.143	1227	8892
0	217	PINU.RES	0.125	1306	9932
0	217	PINU.STR	0.083	763	7040
0	217	POPU.TRE	0.143	1108	7139
0	217	QUER.RUB	0.077	1031	12523
0	217	THUJ.SPP.ALL	0.077	591	6311
0	217	TSUG.CAN	0.059	454	5660
0	218	ABIE.BAL	0.111	571	4069
0	218	ACER.RUB	0.091	703	5250
0	218	ACER.SAH	0.083	979	7811
0	218	BETU.ALL	0.1	755	5801
0	218	BETU.PAP	0.143	562	3365
0	218	FAGU.GRA	0.091	982	9713
0	218	LARI.LAR	0.143	295	2338
0	218	PICE.GLA	0.1	877	10319
0	218	PICE.MAR	0.083	963	8866
0	218	PICE.RUB	0.067	2016	11871
0	218	PINU.BAN	0.143	1015	8559
0	218	PINU.RES	0.111	1150	9511
0	218	PINU.STR	0.043	475	4679
0	218	POPU.TRE	0.143	948	6853
0	218	QUER.RUB	0.037	1549	10363
0	218	THUJ.SPP.ALL	0.077	480	5722
0	218	TSUG.CAN	0.04	257	4300
0	219	ABIE.BAL	0.111	497	3993
0	219	ACER.RUB	0.091	698	5009
0	219	ACER.SAH	0.083	886	7735
0	219	BETU.ALL	0.1	748	5616
0	219	BETU.PAP	0.143	537	3374
0	219	FAGU.GRA	0.091	923	9798
0	219	LARI.LAR	0.143	299	2479
0	219	PICE.GLA	0.1	804	9732
0	219	PICE.MAR	0.091	939	9026
0	219	PICE.RUB	0.067	1907	11754
0	219	PINU.BAN	0.143	1028	8531
0	219	PINU.RES	0.111	1129	9637
0	219	PINU.STR	0.043	423	4535
0	219	POPU.TRE	0.143	970	6781
0	219	QUER.RUB	0.037	1481	10240
0	219	THUJ.SPP.ALL	0.077	470	5704
0	219	TSUG.CAN	0.038	221	4527
0	220	ABIE.BAL	0.111	476	3935
0	220	ACER.RUB	0.125	1028	5188
0	220	ACER.SAH	0.091	1028	8581
0	220	BETU.ALL	0.111	770	5739
0	220	BETU.PAP	0.143	574	3351
0	220	FAGU.GRA	0.1	966	10575
0	220	LARI.LAR	0.143	335	2391
0	220	PICE.GLA	0.1	833	10292
0	220	PICE.MAR	0.083	892	8838
0	220	PICE.RUB	0.067	2042	11909
0	220	PINU.BAN	0.143	1069	8735
0	220	PINU.RES	0.111	1259	9610
0	220	PINU.STR	0.05	519	5435
0	220	POPU.TRE	0.143	993	6838
0	220	QUER.RUB	0.045	786	10270
0	220	THUJ.SPP.ALL	0.077	533	5979
0	220	TSUG.CAN	0.05	382	4795
0	221	ABIE.BAL	0.125	549	4173
0	221	ACER.RUB	0.143	797	5910
0	221	ACER.SAH	0.091	1000	8964
0	221	BETU.ALL	0.111	892	6074
0	221	BETU.PAP	0.167	615	3551
0	221	FAGU.GRA	0.111	1133	10635
0	221	LARI.LAR	0.143	311	2665
0	221	PICE.GLA	0.111	1042	10478
0	221	PICE.MAR	0.083	939	9238
0	221	PICE.RUB	0.077	1534	12779
0	221	PINU.BAN	0.143	1228	8892
0	221	PINU.RES	0.125	1345	10081
0	221	PINU.STR	0.083	837	7002
0	221	POPU.TRE	0.167	1102	7036
0	221	QUER.RUB	0.077	1067	12490
0	221	THUJ.SPP.ALL	0.077	692	6142
0	221	TSUG.CAN	0.059	472	5849
0	226	ABIE.BAL	0.111	508	4017
0	226	ACER.RUB	0.143	905	6067
0	226	ACER.SAH	0.111	1350	8686
0	226	BETU.ALL	0.125	834	6132
0	226	BETU.PAP	0.2	587	3463
0	226	FAGU.GRA	0.111	1172	10793
0	226	LARI.LAR	0.143	345	2456
0	226	PICE.GLA	0.111	992	10858
0	226	PICE.MAR	0.083	825	8585
0	226	PICE.RUB	0.077	2050	12812
0	226	PINU.BAN	0.167	1241	9083
0	226	PINU.RES	0.143	1351	10195
0	226	PINU.STR	0.1	1012	7765
0	226	POPU.TRE	0.167	1020	7106
0	226	QUER.RUB	0.091	1367	13686
0	226	THUJ.SPP.ALL	0.091	656	6369
0	226	TSUG.CAN	0.067	614	6165
0	227	ABIE.BAL	0.111	671	3617
0	227	ACER.RUB	0.143	698	5680
0	227	ACER.SAH	0.111	814	7812
0	227	BETU.ALL	0.125	709	5774
0	227	BETU.PAP	0.2	463	3217
0	227	FAGU.GRA	0.111	957	10319
0	227	LARI.LAR	0.143	252	2127
0	227	PICE.GLA	0.111	676	9817
0	227	PICE.MAR	0.083	935	7602
0	227	PICE.RUB	0.077	2726	12520
0	227	PINU.BAN	0.167	978	8666
0	227	PINU.RES	0.143	1099	9972
0	227	PINU.STR	0.1	815	7128
0	227	POPU.TRE	0.167	852	6675
0	227	QUER.RUB	0.091	931	12067
0	227	THUJ.SPP.ALL	0.091	535	5924
0	227	TSUG.CAN	0.067	454	5894
0	296	ABIE.BAL	0.111	519	3271
0	296	ACER.RUB	0.125	806	4448
0	296	ACER.SAH	0.083	549	5515
0	296	BETU.ALL	0.111	606	5283
0	296	BETU.PAP	0.167	389	2980
0	296	FAGU.GRA	0.1	698	9831
0	296	LARI.LAR	0.125	180	1661
0	296	PICE.GLA	0.1	534	7787
0	296	PICE.MAR	0.083	747	6731
0	296	PICE.RUB	0.062	1572	10828
0	296	PINU.BAN	0.143	786	8170
0	296	PINU.RES	0.111	880	9001
0	296	PINU.STR	0.059	494	4917
0	296	POPU.TRE	0.143	620	5977
0	296	QUER.RUB	0.042	1118	8894
0	296	THUJ.SPP.ALL	0.077	490	5289
0	296	TSUG.CAN	0.05	399	4230
0	297	ABIE.BAL	0.111	625	3567
0	297	ACER.RUB	0.125	820	4932
0	297	ACER.SAH	0.083	909	7166
0	297	BETU.ALL	0.111	637	5485
0	297	BETU.PAP	0.167	421	3062
0	297	FAGU.GRA	0.1	782	9715
0	297	LARI.LAR	0.125	277	2040
0	297	PICE.GLA	0.1	571	8760
0	297	PICE.MAR	0.083	776	7688
0	297	PICE.RUB	0.062	2043	11251
0	297	PINU.BAN	0.143	861	8262
0	297	PINU.RES	0.111	1004	9184
0	297	PINU.STR	0.059	495	4921
0	297	POPU.TRE	0.143	750	6160
0	297	QUER.RUB	0.048	1410	9873
0	297	THUJ.SPP.ALL	0.077	483	5334
0	297	TSUG.CAN	0.053	371	4435
21	67	ABIE.BAL	0.111	658	3182
21	67	ACER.RUB	0.25	705	5726
21	67	ACER.SAH	0.111	928	7078
21	67	BETU.ALL	0.125	548	5243
21	67	BETU.PAP	0.2	368	3044
21	67	FAGU.GRA	0.143	967	10406
21	67	LARI.LAR	0.143	256	1710
21	67	PICE.GLA	0.111	782	8724
21	67	PICE.MAR	0.083	689	6423
21	67	PICE.RUB	0.077	1482	10354
21	67	PINU.BAN	0.2	748	8274
21	67	PINU.RES	0.143	932	9511
21	67	PINU.STR	0.167	833	7813
21	67	POPU.TRE	0.25	770	6507
21	67	QUER.RUB	0.125	3066	12862
21	67	THUJ.SPP.ALL	0.091	613	6148
21	67	TSUG.CAN	0.1	568	6713
21	68	ABIE.BAL	0.111	632	3454
21	68	ACER.RUB	0.25	885	5809
21	68	ACER.SAH	0.111	1062	7751
21	68	BETU.ALL	0.125	674	5510
21	68	BETU.PAP	0.2	470	3174
21	68	FAGU.GRA	0.143	1145	11034
21	68	LARI.LAR	0.143	281	1945
21	68	PICE.GLA	0.111	878	9678
21	68	PICE.MAR	0.077	630	6953
21	68	PICE.RUB	0.077	1942	11209
21	68	PINU.BAN	0.2	869	8404
21	68	PINU.RES	0.143	1059	9691
21	68	PINU.STR	0.167	959	8291
21	68	POPU.TRE	0.2	934	6888
21	68	QUER.RUB	0.125	1230	14153
21	68	THUJ.SPP.ALL	0.091	660	6323
21	68	TSUG.CAN	0.1	607	6525
21	122	ABIE.BAL	0.125	517	3314
21	122	ACER.RUB	0.167	624	5577
21	122	ACER.SAH	0.125	1216	6677
21	122	BETU.ALL	0.143	580	5404
21	122	BETU.PAP	0.25	373	2965
21	122	FAGU.GRA	0.125	852	10266
21	122	LARI.LAR	0.167	250	1916
21	122	PICE.GLA	0.125	730	7990
21	122	PICE.MAR	0.083	650	6635
21	122	PICE.RUB	0.083	2424	11885
21	122	PINU.BAN	0.25	943	8361
21	122	PINU.RES	0.143	932	9637
21	122	PINU.STR	0.143	739	7535
21	122	POPU.TRE	0.167	658	6212
21	122	QUER.RUB	0.111	1151	14192
21	122	THUJ.SPP.ALL	0.1	563	5888
21	122	TSUG.CAN	0.083	517	5996
21	123	ABIE.BAL	0.125	536	3046
21	123	ACER.RUB	0.167	549	5384
21	123	ACER.SAH	0.125	804	5649
21	123	BETU.ALL	0.143	520	5284
21	123	BETU.PAP	0.25	373	2885
21	123	FAGU.GRA	0.125	802	10355
21	123	LARI.LAR	0.167	254	1607
21	123	PICE.GLA	0.125	752	7381
21	123	PICE.MAR	0.083	575	6013
21	123	PICE.RUB	0.083	2173	11832
21	123	PINU.BAN	0.25	1216	8093
21	123	PINU.RES	0.143	906	9467
21	123	PINU.STR	0.143	706	7646
21	123	POPU.TRE	0.167	580	6116
21	123	QUER.RUB	0.111	2127	11877
21	123	THUJ.SPP.ALL	0.1	568	5544
21	123	TSUG.CAN	0.083	506	6044
21	124	ABIE.BAL	0.111	502	3290
21	124	ACER.RUB	0.25	752	5658
21	124	ACER.SAH	0.125	873	6813
21	124	BETU.ALL	0.125	604	5376
21	124	BETU.PAP	0.2	387	3022
21	124	FAGU.GRA	0.125	898	9984
21	124	LARI.LAR	0.143	252	1811
21	124	PICE.GLA	0.111	754	8248
21	124	PICE.MAR	0.083	560	6463
21	124	PICE.RUB	0.083	1790	11414
21	124	PINU.BAN	0.167	755	8303
21	124	PINU.RES	0.167	905	9638
21	124	PINU.STR	0.143	772	7602
21	124	POPU.TRE	0.25	660	6333
21	124	QUER.RUB	0.111	1405	13779
21	124	THUJ.SPP.ALL	0.1	564	5655
21	124	TSUG.CAN	0.091	511	6100
21	125	ABIE.BAL	0.111	627	3216
21	125	ACER.RUB	0.25	806	5967
21	125	ACER.SAH	0.111	987	7062
21	125	BETU.ALL	0.125	544	5379
21	125	BETU.PAP	0.2	436	3102
21	125	FAGU.GRA	0.143	1086	10513
21	125	LARI.LAR	0.143	268	1633
21	125	PICE.GLA	0.111	814	8525
21	125	PICE.MAR	0.077	660	6382
21	125	PICE.RUB	0.077	1782	10605
21	125	PINU.BAN	0.2	771	8250
21	125	PINU.RES	0.143	958	9563
21	125	PINU.STR	0.167	905	8052
21	125	POPU.TRE	0.2	836	6634
21	125	QUER.RUB	0.125	2257	12828
21	125	THUJ.SPP.ALL	0.091	616	5823
21	125	TSUG.CAN	0.1	591	6695
21	126	ABIE.BAL	0.111	608	2957
21	126	ACER.RUB	0.25	609	5310
21	126	ACER.SAH	0.125	1854	5707
21	126	BETU.ALL	0.125	541	5256
21	126	BETU.PAP	0.2	346	2904
21	126	FAGU.GRA	0.125	855	10036
21	126	LARI.LAR	0.143	266	1505
21	126	PICE.GLA	0.111	829	7551
21	126	PICE.MAR	0.083	746	5856
21	126	PICE.RUB	0.083	2383	11234
21	126	PINU.BAN	0.167	682	8363
21	126	PINU.RES	0.167	864	9405
21	126	PINU.STR	0.143	721	7459
21	126	POPU.TRE	0.25	822	6001
21	126	QUER.RUB	0.111	930	12125
21	126	THUJ.SPP.ALL	0.091	563	5612
21	126	TSUG.CAN	0.091	517	5802
21	127	ABIE.BAL	0.125	552	3163
21	127	ACER.RUB	0.167	675	5634
21	127	ACER.SAH	0.125	3049	5721
21	127	BETU.ALL	0.143	565	5661
21	127	BETU.PAP	0.25	403	3008
21	127	FAGU.GRA	0.125	901	10676
21	127	LARI.LAR	0.143	272	1670
21	127	PICE.GLA	0.111	713	8230
21	127	PICE.MAR	0.083	636	6536
21	127	PICE.RUB	0.083	1957	11029
21	127	PINU.BAN	0.167	755	8469
21	127	PINU.RES	0.167	909	9559
21	127	PINU.STR	0.143	791	7609
21	127	POPU.TRE	0.25	650	6340
21	127	QUER.RUB	0.111	3298	11868
21	127	THUJ.SPP.ALL	0.1	582	5855
21	127	TSUG.CAN	0.083	580	5989
21	128	ABIE.BAL	0.125	895	3463
21	128	ACER.RUB	0.167	750	5863
21	128	ACER.SAH	0.125	868	7078
21	128	BETU.ALL	0.125	705	5888
21	128	BETU.PAP	0.25	407	3118
21	128	FAGU.GRA	0.125	961	10414
21	128	LARI.LAR	0.143	271	1966
21	128	PICE.GLA	0.111	748	9109
21	128	PICE.MAR	0.083	602	7033
21	128	PICE.RUB	0.083	2582	11523
21	128	PINU.BAN	0.167	826	8554
21	128	PINU.RES	0.167	930	10004
21	128	PINU.STR	0.143	842	7789
21	128	POPU.TRE	0.25	741	6582
21	128	QUER.RUB	0.111	1290	13958
21	128	THUJ.SPP.ALL	0.1	587	5856
21	128	TSUG.CAN	0.091	573	6513
21	129	ABIE.BAL	0.111	736	3623
21	129	ACER.RUB	0.25	889	5984
21	129	ACER.SAH	0.125	1457	8385
21	129	BETU.ALL	0.125	770	6048
21	129	BETU.PAP	0.2	524	3260
21	129	FAGU.GRA	0.125	1196	10165
21	129	LARI.LAR	0.143	272	1979
21	129	PICE.GLA	0.111	896	10301
21	129	PICE.MAR	0.083	649	7659
21	129	PICE.RUB	0.083	2930	11746
21	129	PINU.BAN	0.167	1064	8707
21	129	PINU.RES	0.167	1128	9928
21	129	PINU.STR	0.143	1015	8111
21	129	POPU.TRE	0.25	1001	6836
21	129	QUER.RUB	0.111	1613	14425
21	129	THUJ.SPP.ALL	0.091	638	6494
21	129	TSUG.CAN	0.091	629	6813
21	130	ABIE.BAL	0.125	740	3746
21	130	ACER.RUB	0.167	852	6027
21	130	ACER.SAH	0.125	1078	8452
21	130	BETU.ALL	0.143	692	6050
21	130	BETU.PAP	0.25	486	3298
21	130	FAGU.GRA	0.125	1088	10884
21	130	LARI.LAR	0.143	334	2180
21	130	PICE.GLA	0.111	855	9583
21	130	PICE.MAR	0.083	791	7755
21	130	PICE.RUB	0.083	2754	12536
21	130	PINU.BAN	0.167	997	8752
21	130	PINU.RES	0.167	1091	10201
21	130	PINU.STR	0.143	957	7939
21	130	POPU.TRE	0.25	916	6919
21	130	QUER.RUB	0.111	1220	14779
21	130	THUJ.SPP.ALL	0.1	621	6307
21	130	TSUG.CAN	0.091	634	6803
21	131	ABIE.BAL	0.125	874	3861
21	131	ACER.RUB	0.167	908	6228
21	131	ACER.SAH	0.125	1113	8900
21	131	BETU.ALL	0.143	851	5901
21	131	BETU.PAP	0.25	532	3466
21	131	FAGU.GRA	0.125	1248	10648
21	131	LARI.LAR	0.167	378	2349
21	131	PICE.GLA	0.111	977	10451
21	131	PICE.MAR	0.091	806	8081
21	131	PICE.RUB	0.083	3311	12600
21	131	PINU.BAN	0.2	1103	8880
21	131	PINU.RES	0.167	1183	10037
21	131	PINU.STR	0.143	1068	8368
21	131	POPU.TRE	0.25	1085	7119
21	131	QUER.RUB	0.111	1306	15395
21	131	THUJ.SPP.ALL	0.1	642	6450
21	131	TSUG.CAN	0.091	682	6896
21	132	ABIE.BAL	0.125	508	4106
21	132	ACER.RUB	0.167	999	6154
21	132	ACER.SAH	0.125	1156	8951
21	132	BETU.ALL	0.143	865	5986
21	132	BETU.PAP	0.25	566	3515
21	132	FAGU.GRA	0.125	1262	10323
21	132	LARI.LAR	0.167	416	2522
21	132	PICE.GLA	0.111	995	10462
21	132	PICE.MAR	0.083	1012	8737
21	132	PICE.RUB	0.083	2276	13095
21	132	PINU.BAN	0.2	1116	8998
21	132	PINU.RES	0.167	1201	10465
21	132	PINU.STR	0.143	1060	8157
21	132	POPU.TRE	0.25	1100	7173
21	132	QUER.RUB	0.111	1416	16014
21	132	THUJ.SPP.ALL	0.1	640	6353
21	132	TSUG.CAN	0.091	724	7152
21	205	ABIE.BAL	0.125	474	3385
21	205	ACER.RUB	0.143	584	5481
21	205	ACER.SAH	0.125	1492	6590
21	205	BETU.ALL	0.143	605	5313
21	205	BETU.PAP	0.25	376	2999
21	205	FAGU.GRA	0.125	800	10858
21	205	LARI.LAR	0.167	245	1875
21	205	PICE.GLA	0.125	710	8055
21	205	PICE.MAR	0.083	674	6876
21	205	PICE.RUB	0.083	2727	11458
21	205	PINU.BAN	0.167	800	8336
21	205	PINU.RES	0.167	909	9326
21	205	PINU.STR	0.125	743	7078
21	205	POPU.TRE	0.167	646	6187
21	205	QUER.RUB	0.111	1129	12432
21	205	THUJ.SPP.ALL	0.091	557	5648
21	205	TSUG.CAN	0.083	490	5725
21	206	ABIE.BAL	0.111	580	2912
21	206	ACER.RUB	0.143	537	5245
21	206	ACER.SAH	0.111	1335	5150
21	206	BETU.ALL	0.125	530	5224
21	206	BETU.PAP	0.25	441	2848
21	206	FAGU.GRA	0.111	779	9958
21	206	LARI.LAR	0.143	174	1436
21	206	PICE.GLA	0.111	791	7431
21	206	PICE.MAR	0.083	620	6031
21	206	PICE.RUB	0.083	2066	11696
21	206	PINU.BAN	0.167	749	8236
21	206	PINU.RES	0.167	905	9114
21	206	PINU.STR	0.125	683	6961
21	206	POPU.TRE	0.167	650	5881
21	206	QUER.RUB	0.111	1098	10427
21	206	THUJ.SPP.ALL	0.091	564	5471
21	206	TSUG.CAN	0.083	413	5646
21	207	ABIE.BAL	0.125	519	3130
21	207	ACER.RUB	0.167	544	5506
21	207	ACER.SAH	0.125	2071	5276
21	207	BETU.ALL	0.143	534	5570
21	207	BETU.PAP	0.25	411	2881
21	207	FAGU.GRA	0.125	790	10195
21	207	LARI.LAR	0.167	252	1610
21	207	PICE.GLA	0.125	750	7800
21	207	PICE.MAR	0.083	578	6195
21	207	PICE.RUB	0.083	1734	11196
21	207	PINU.BAN	0.167	798	8299
21	207	PINU.RES	0.167	871	9410
21	207	PINU.STR	0.143	669	7136
21	207	POPU.TRE	0.167	638	6032
21	207	QUER.RUB	0.111	1587	11074
21	207	THUJ.SPP.ALL	0.1	577	5557
21	207	TSUG.CAN	0.083	499	5811
21	208	ABIE.BAL	0.125	770	3468
21	208	ACER.RUB	0.167	598	5532
21	208	ACER.SAH	0.125	890	6989
21	208	BETU.ALL	0.143	597	5355
21	208	BETU.PAP	0.25	358	3045
21	208	FAGU.GRA	0.125	874	10707
21	208	LARI.LAR	0.167	251	1953
21	208	PICE.GLA	0.125	656	8289
21	208	PICE.MAR	0.083	661	7040
21	208	PICE.RUB	0.083	1406	11391
21	208	PINU.BAN	0.25	1071	8345
21	208	PINU.RES	0.167	943	9414
21	208	PINU.STR	0.143	740	7549
21	208	POPU.TRE	0.167	665	6388
21	208	QUER.RUB	0.111	1301	13287
21	208	THUJ.SPP.ALL	0.1	552	5806
21	208	TSUG.CAN	0.083	524	6148
21	209	ABIE.BAL	0.111	521	2977
21	209	ACER.RUB	0.143	495	5020
21	209	ACER.SAH	0.111	1629	4673
21	209	BETU.ALL	0.125	495	5170
21	209	BETU.PAP	0.25	283	2776
21	209	FAGU.GRA	0.111	734	9849
21	209	LARI.LAR	0.143	172	1498
21	209	PICE.GLA	0.111	782	6906
21	209	PICE.MAR	0.083	733	6301
21	209	PICE.RUB	0.083	2623	12195
21	209	PINU.BAN	0.167	723	8043
21	209	PINU.RES	0.143	825	8875
21	209	PINU.STR	0.125	652	7045
21	209	POPU.TRE	0.167	652	5762
21	209	QUER.RUB	0.111	934	10412
21	209	THUJ.SPP.ALL	0.091	574	5366
21	209	TSUG.CAN	0.083	414	5441
21	210	ABIE.BAL	0.111	456	3201
21	210	ACER.RUB	0.143	481	5185
21	210	ACER.SAH	0.111	1149	6049
21	210	BETU.ALL	0.125	539	5057
21	210	BETU.PAP	0.25	339	2854
21	210	FAGU.GRA	0.111	734	9307
21	210	LARI.LAR	0.143	212	1693
21	210	PICE.GLA	0.111	728	7046
21	210	PICE.MAR	0.083	524	6493
21	210	PICE.RUB	0.083	1980	11326
21	210	PINU.BAN	0.167	739	8248
21	210	PINU.RES	0.143	887	9154
21	210	PINU.STR	0.125	665	7166
21	210	POPU.TRE	0.167	587	6012
21	210	QUER.RUB	0.111	1042	11557
21	210	THUJ.SPP.ALL	0.091	560	5362
21	210	TSUG.CAN	0.083	410	5339
21	211	ABIE.BAL	0.111	510	3359
21	211	ACER.RUB	0.143	597	5324
21	211	ACER.SAH	0.111	826	7117
21	211	BETU.ALL	0.125	605	5323
21	211	BETU.PAP	0.25	346	3010
21	211	FAGU.GRA	0.111	777	9891
21	211	LARI.LAR	0.143	232	1891
21	211	PICE.GLA	0.111	705	7482
21	211	PICE.MAR	0.083	602	6904
21	211	PICE.RUB	0.083	2598	11711
21	211	PINU.BAN	0.167	770	8222
21	211	PINU.RES	0.143	888	9182
21	211	PINU.STR	0.125	685	6923
21	211	POPU.TRE	0.167	616	6101
21	211	QUER.RUB	0.111	987	12626
21	211	THUJ.SPP.ALL	0.091	541	5418
21	211	TSUG.CAN	0.083	437	5589
21	212	ABIE.BAL	0.125	800	3638
21	212	ACER.RUB	0.167	766	5901
21	212	ACER.SAH	0.125	921	7765
21	212	BETU.ALL	0.143	705	5661
21	212	BETU.PAP	0.25	467	3208
21	212	FAGU.GRA	0.125	1063	10603
21	212	LARI.LAR	0.167	288	2078
21	212	PICE.GLA	0.111	858	9941
21	212	PICE.MAR	0.083	610	7441
21	212	PICE.RUB	0.083	2089	12030
21	212	PINU.BAN	0.2	1015	8839
21	212	PINU.RES	0.143	1100	10171
21	212	PINU.STR	0.143	938	8031
21	212	POPU.TRE	0.25	893	6825
21	212	QUER.RUB	0.111	1349	13735
21	212	THUJ.SPP.ALL	0.1	589	6040
21	212	TSUG.CAN	0.083	641	6547
21	213	ABIE.BAL	0.125	604	3405
21	213	ACER.RUB	0.167	633	5616
21	213	ACER.SAH	0.125	911	6892
21	213	BETU.ALL	0.143	563	5515
21	213	BETU.PAP	0.25	416	2996
21	213	FAGU.GRA	0.125	838	9952
21	213	LARI.LAR	0.167	234	1854
21	213	PICE.GLA	0.125	723	8265
21	213	PICE.MAR	0.083	600	6793
21	213	PICE.RUB	0.083	1979	11413
21	213	PINU.BAN	0.25	1182	8206
21	213	PINU.RES	0.143	922	9461
21	213	PINU.STR	0.143	742	7437
21	213	POPU.TRE	0.167	627	6224
21	213	QUER.RUB	0.111	1172	13556
21	213	THUJ.SPP.ALL	0.1	555	5673
21	213	TSUG.CAN	0.083	523	6235
21	214	ABIE.BAL	0.125	599	2966
21	214	ACER.RUB	0.167	506	5475
21	214	ACER.SAH	0.125	2148	5491
21	214	BETU.ALL	0.143	520	5157
21	214	BETU.PAP	0.25	334	2822
21	214	FAGU.GRA	0.125	793	10068
21	214	LARI.LAR	0.167	200	1443
21	214	PICE.GLA	0.125	735	7644
21	214	PICE.MAR	0.083	642	6319
21	214	PICE.RUB	0.083	2165	11352
21	214	PINU.BAN	0.25	681	8211
21	214	PINU.RES	0.143	874	9244
21	214	PINU.STR	0.143	678	7115
21	214	POPU.TRE	0.167	615	5893
21	214	QUER.RUB	0.111	2705	10973
21	214	THUJ.SPP.ALL	0.1	606	5553
21	214	TSUG.CAN	0.083	507	5506
21	215	ABIE.BAL	0.125	796	3846
21	215	ACER.RUB	0.167	934	6161
21	215	ACER.SAH	0.125	1326	8849
21	215	BETU.ALL	0.143	805	6071
21	215	BETU.PAP	0.25	562	3409
21	215	FAGU.GRA	0.125	1244	10666
21	215	LARI.LAR	0.167	449	2356
21	215	PICE.GLA	0.111	976	10316
21	215	PICE.MAR	0.083	1033	8052
21	215	PICE.RUB	0.083	2755	12937
21	215	PINU.BAN	0.2	1116	8884
21	215	PINU.RES	0.143	1207	9903
21	215	PINU.STR	0.143	1044	8145
21	215	POPU.TRE	0.25	1079	7119
21	215	QUER.RUB	0.111	1391	15339
21	215	THUJ.SPP.ALL	0.1	627	6143
21	215	TSUG.CAN	0.083	667	7208
21	216	ABIE.BAL	0.125	969	3671
21	216	ACER.RUB	0.167	810	6029
21	216	ACER.SAH	0.125	846	7743
21	216	BETU.ALL	0.143	705	5984
21	216	BETU.PAP	0.25	486	3281
21	216	FAGU.GRA	0.125	1064	10505
21	216	LARI.LAR	0.167	370	2151
21	216	PICE.GLA	0.111	838	9637
21	216	PICE.MAR	0.083	936	7546
21	216	PICE.RUB	0.083	2726	12635
21	216	PINU.BAN	0.2	1012	8683
21	216	PINU.RES	0.143	1130	9669
21	216	PINU.STR	0.143	928	7733
21	216	POPU.TRE	0.25	854	6720
21	216	QUER.RUB	0.111	1353	14647
21	216	THUJ.SPP.ALL	0.1	604	6096
21	216	TSUG.CAN	0.083	625	6674
21	217	ABIE.BAL	0.125	519	3998
21	217	ACER.RUB	0.167	974	6142
21	217	ACER.SAH	0.125	1352	9446
21	217	BETU.ALL	0.143	864	6164
21	217	BETU.PAP	0.25	559	3414
21	217	FAGU.GRA	0.125	1214	10284
21	217	LARI.LAR	0.167	417	2509
21	217	PICE.GLA	0.125	923	10121
21	217	PICE.MAR	0.083	1025	8745
21	217	PICE.RUB	0.091	3168	13285
21	217	PINU.BAN	0.167	1157	8960
21	217	PINU.RES	0.167	1249	10287
21	217	PINU.STR	0.143	1032	8307
21	217	POPU.TRE	0.167	1101	7103
21	217	QUER.RUB	0.111	1492	15229
21	217	THUJ.SPP.ALL	0.1	624	6338
21	217	TSUG.CAN	0.083	696	7016
21	218	ABIE.BAL	0.125	606	3954
21	218	ACER.RUB	0.143	874	5851
21	218	ACER.SAH	0.111	947	8016
21	218	BETU.ALL	0.125	856	6146
21	218	BETU.PAP	0.167	566	3354
21	218	FAGU.GRA	0.111	1136	10339
21	218	LARI.LAR	0.167	319	2373
21	218	PICE.GLA	0.111	922	10341
21	218	PICE.MAR	0.083	879	8516
21	218	PICE.RUB	0.083	2689	13309
21	218	PINU.BAN	0.167	1108	9008
21	218	PINU.RES	0.143	1163	9799
21	218	PINU.STR	0.125	976	7766
21	218	POPU.TRE	0.167	960	6927
21	218	QUER.RUB	0.111	1216	14067
21	218	THUJ.SPP.ALL	0.091	557	6054
21	218	TSUG.CAN	0.083	624	6659
21	219	ABIE.BAL	0.125	545	3993
21	219	ACER.RUB	0.143	860	5966
21	219	ACER.SAH	0.111	1125	8664
21	219	BETU.ALL	0.125	858	5970
21	219	BETU.PAP	0.167	535	3373
21	219	FAGU.GRA	0.111	1102	10271
21	219	LARI.LAR	0.167	268	2416
21	219	PICE.GLA	0.111	831	9971
21	219	PICE.MAR	0.091	872	8837
21	219	PICE.RUB	0.083	2423	13311
21	219	PINU.BAN	0.167	1077	8834
21	219	PINU.RES	0.143	1191	9803
21	219	PINU.STR	0.125	941	7813
21	219	POPU.TRE	0.167	1013	6894
21	219	QUER.RUB	0.111	1495	15244
21	219	THUJ.SPP.ALL	0.091	544	6042
21	219	TSUG.CAN	0.083	574	6437
21	220	ABIE.BAL	0.125	617	3822
21	220	ACER.RUB	0.143	880	6056
21	220	ACER.SAH	0.125	1051	8096
21	220	BETU.ALL	0.125	844	5659
21	220	BETU.PAP	0.25	517	3358
21	220	FAGU.GRA	0.111	1153	10290
21	220	LARI.LAR	0.167	382	2430
21	220	PICE.GLA	0.111	837	10371
21	220	PICE.MAR	0.1	963	8288
21	220	PICE.RUB	0.091	2705	12883
21	220	PINU.BAN	0.167	1098	8881
21	220	PINU.RES	0.167	1197	9807
21	220	PINU.STR	0.125	963	7397
21	220	POPU.TRE	0.167	974	6961
21	220	QUER.RUB	0.111	1446	15068
21	220	THUJ.SPP.ALL	0.091	627	6263
21	220	TSUG.CAN	0.083	645	6899
21	221	ABIE.BAL	0.143	742	4086
21	221	ACER.RUB	0.167	1007	6164
21	221	ACER.SAH	0.143	1128	8621
21	221	BETU.ALL	0.143	862	6372
21	221	BETU.PAP	0.25	589	3446
21	221	FAGU.GRA	0.125	1270	10420
21	221	LARI.LAR	0.167	484	2501
21	221	PICE.GLA	0.125	962	10485
21	221	PICE.MAR	0.083	1027	8528
21	221	PICE.RUB	0.083	3713	13591
21	221	PINU.BAN	0.167	1190	8875
21	221	PINU.RES	0.143	1293	10142
21	221	PINU.STR	0.143	1045	8177
21	221	POPU.TRE	0.167	1173	7131
21	221	QUER.RUB	0.125	1327	15337
21	221	THUJ.SPP.ALL	0.1	681	6366
21	221	TSUG.CAN	0.083	752	7049
21	226	ABIE.BAL	0.125	844	3669
21	226	ACER.RUB	0.167	891	6019
21	226	ACER.SAH	0.125	930	7628
21	226	BETU.ALL	0.143	782	5973
21	226	BETU.PAP	0.25	532	3291
21	226	FAGU.GRA	0.125	1225	10420
21	226	LARI.LAR	0.143	387	2123
21	226	PICE.GLA	0.111	985	10606
21	226	PICE.MAR	0.083	638	7507
21	226	PICE.RUB	0.083	1932	12225
21	226	PINU.BAN	0.167	1102	8724
21	226	PINU.RES	0.167	1156	10390
21	226	PINU.STR	0.143	1039	8377
21	226	POPU.TRE	0.25	981	6983
21	226	QUER.RUB	0.111	1490	14262
21	226	THUJ.SPP.ALL	0.1	651	6340
21	226	TSUG.CAN	0.091	671	6643
21	227	ABIE.BAL	0.125	636	3227
21	227	ACER.RUB	0.167	678	5751
21	227	ACER.SAH	0.125	1170	6143
21	227	BETU.ALL	0.143	602	5634
21	227	BETU.PAP	0.25	416	2986
21	227	FAGU.GRA	0.125	918	10066
21	227	LARI.LAR	0.143	238	1853
21	227	PICE.GLA	0.111	696	8763
21	227	PICE.MAR	0.083	628	6805
21	227	PICE.RUB	0.083	2185	11821
21	227	PINU.BAN	0.167	786	8462
21	227	PINU.RES	0.167	945	9665
21	227	PINU.STR	0.143	835	7386
21	227	POPU.TRE	0.25	695	6519
21	227	QUER.RUB	0.111	1346	13273
21	227	THUJ.SPP.ALL	0.1	582	5881
21	227	TSUG.CAN	0.091	591	6559
21	296	ABIE.BAL	0.111	409	3030
21	296	ACER.RUB	0.143	513	5224
21	296	ACER.SAH	0.111	2049	5287
21	296	BETU.ALL	0.125	568	5139
21	296	BETU.PAP	0.25	356	2896
21	296	FAGU.GRA	0.111	802	9948
21	296	LARI.LAR	0.143	185	1401
21	296	PICE.GLA	0.125	746	7619
21	296	PICE.MAR	0.083	478	6318
21	296	PICE.RUB	0.083	1916	11620
21	296	PINU.BAN	0.167	768	8237
21	296	PINU.RES	0.167	841	9097
21	296	PINU.STR	0.125	713	7123
21	296	POPU.TRE	0.167	672	6098
21	296	QUER.RUB	0.111	3230	10294
21	296	THUJ.SPP.ALL	0.091	560	5520
21	296	TSUG.CAN	0.083	459	5769
21	297	ABIE.BAL	0.111	610	3476
21	297	ACER.RUB	0.143	671	5484
21	297	ACER.SAH	0.125	803	6963
21	297	BETU.ALL	0.125	669	5486
21	297	BETU.PAP	0.25	389	3034
21	297	FAGU.GRA	0.111	887	10346
21	297	LARI.LAR	0.167	211	1824
21	297	PICE.GLA	0.125	666	8233
21	297	PICE.MAR	0.083	707	7063
21	297	PICE.RUB	0.083	1826	11606
21	297	PINU.BAN	0.167	818	8364
21	297	PINU.RES	0.167	897	9305
21	297	PINU.STR	0.125	779	7305
21	297	POPU.TRE	0.167	647	6229
21	297	QUER.RUB	0.111	1093	12629
21	297	THUJ.SPP.ALL	0.091	540	5574
21	297	TSUG.CAN	0.083	495	6333
51	67	ABIE.BAL	0.032	89	536
51	67	ACER.RUB	0.2	533	5296
51	67	ACER.SAH	0.111	857	3563
51	67	BETU.ALL	0	0	0
51	67	BETU.PAP	0.125	263	1397
51	67	FAGU.GRA	0.125	864	10368
51	67	LARI.LAR	0.025	1	4
51	67	PICE.GLA	0	0	0
51	67	PICE.MAR	0	0	0
51	67	PICE.RUB	0	0	0
51	67	PINU.BAN	0.125	295	3400
51	67	PINU.RES	0.125	1003	7857
51	67	PINU.STR	0.143	640	7218
51	67	POPU.TRE	0.143	756	5103
51	67	QUER.RUB	0.143	1488	7772
51	67	THUJ.SPP.ALL	0.071	511	4792
51	67	TSUG.CAN	0	0	0
51	68	ABIE.BAL	0.032	210	971
51	68	ACER.RUB	0.2	658	5570
51	68	ACER.SAH	0.1	764	4302
51	68	BETU.ALL	0	0	0
51	68	BETU.PAP	0.125	241	1518
51	68	FAGU.GRA	0.125	1051	10907
51	68	LARI.LAR	0.083	2	11
51	68	PICE.GLA	0	0	0
51	68	PICE.MAR	0	0	0
51	68	PICE.RUB	0	0	0
51	68	PINU.BAN	0.125	246	3417
51	68	PINU.RES	0.125	1017	7643
51	68	PINU.STR	0.143	722	7551
51	68	POPU.TRE	0.143	681	5529
51	68	QUER.RUB	0.111	4047	8933
51	68	THUJ.SPP.ALL	0.067	498	4968
51	68	TSUG.CAN	0	0	0
51	122	ABIE.BAL	0.111	301	1772
51	122	ACER.RUB	0.25	743	5163
51	122	ACER.SAH	0.111	1183	4074
51	122	BETU.ALL	0.1	275	3171
51	122	BETU.PAP	0.143	328	2146
51	122	FAGU.GRA	0.143	746	10009
51	122	LARI.LAR	0.143	90	541
51	122	PICE.GLA	0.1	333	4477
51	122	PICE.MAR	0.03	248	2438
51	122	PICE.RUB	0	0	0
51	122	PINU.BAN	0.143	911	5997
51	122	PINU.RES	0.125	972	8401
51	122	PINU.STR	0.143	602	7381
51	122	POPU.TRE	0.167	668	5387
51	122	QUER.RUB	0.167	3171	9692
51	122	THUJ.SPP.ALL	0.091	642	5161
51	122	TSUG.CAN	0.091	565	4560
51	123	ABIE.BAL	0.053	210	861
51	123	ACER.RUB	0.25	403	4956
51	123	ACER.SAH	0.111	1222	3152
51	123	BETU.ALL	0.1	278	3108
51	123	BETU.PAP	0.143	369	2025
51	123	FAGU.GRA	0.125	739	10112
51	123	LARI.LAR	0.143	12	64
51	123	PICE.GLA	0.1	329	3868
51	123	PICE.MAR	0.03	151	1333
51	123	PICE.RUB	0	0	0
51	123	PINU.BAN	0.143	943	5832
51	123	PINU.RES	0.125	916	8235
51	123	PINU.STR	0.143	567	6926
51	123	POPU.TRE	0.167	642	5042
51	123	QUER.RUB	0.125	1222	7800
51	123	THUJ.SPP.ALL	0.091	582	4932
51	123	TSUG.CAN	0.091	542	4473
51	124	ABIE.BAL	0.111	192	1248
51	124	ACER.RUB	0.25	696	5209
51	124	ACER.SAH	0.1	1496	4051
51	124	BETU.ALL	0.025	264	2392
51	124	BETU.PAP	0.143	337	1836
51	124	FAGU.GRA	0.125	800	10376
51	124	LARI.LAR	0.143	15	88
51	124	PICE.GLA	0.091	336	3566
51	124	PICE.MAR	0.03	169	1548
51	124	PICE.RUB	0	0	0
51	124	PINU.BAN	0.143	447	4872
51	124	PINU.RES	0.125	1061	7924
51	124	PINU.STR	0.143	616	7127
51	124	POPU.TRE	0.167	782	5325
51	124	QUER.RUB	0.167	3701	8465
51	124	THUJ.SPP.ALL	0.077	542	4829
51	124	TSUG.CAN	0.077	315	3893
51	125	ABIE.BAL	0.032	76	346
51	125	ACER.RUB	0.2	557	5316
51	125	ACER.SAH	0.111	567	3371
51	125	BETU.ALL	0	0	0
51	125	BETU.PAP	0.125	245	1290
51	125	FAGU.GRA	0.125	914	10110
51	125	LARI.LAR	0.01	1	1
51	125	PICE.GLA	0	0	0
51	125	PICE.MAR	0	0	0
51	125	PICE.RUB	0	0	0
51	125	PINU.BAN	0.1	313	2926
51	125	PINU.RES	0.125	965	7294
51	125	PINU.STR	0.143	671	7273
51	125	POPU.TRE	0.143	751	5136
51	125	QUER.RUB	0.143	1826	7545
51	125	THUJ.SPP.ALL	0.067	410	4677
51	125	TSUG.CAN	0	0	0
51	126	ABIE.BAL	0.059	61	218
51	126	ACER.RUB	0.25	588	4777
51	126	ACER.SAH	0.091	765	2543
51	126	BETU.ALL	0.025	313	2040
51	126	BETU.PAP	0.143	255	1634
51	126	FAGU.GRA	0.125	748	10257
51	126	LARI.LAR	0.025	1	4
51	126	PICE.GLA	0.083	196	2762
51	126	PICE.MAR	0.025	41	302
51	126	PICE.RUB	0	0	0
51	126	PINU.BAN	0.143	608	4600
51	126	PINU.RES	0.125	1023	7549
51	126	PINU.STR	0.143	548	6928
51	126	POPU.TRE	0.167	699	4916
51	126	QUER.RUB	0.111	1143	6151
51	126	THUJ.SPP.ALL	0.077	495	4789
51	126	TSUG.CAN	0.077	310	3579
51	127	ABIE.BAL	0.053	249	961
51	127	ACER.RUB	0.25	544	4834
51	127	ACER.SAH	0.111	1004	3198
51	127	BETU.ALL	0.091	302	2641
51	127	BETU.PAP	0.143	397	1985
51	127	FAGU.GRA	0.125	811	9525
51	127	LARI.LAR	0.143	19	76
51	127	PICE.GLA	0.1	306	3563
51	127	PICE.MAR	0.03	99	725
51	127	PICE.RUB	0	0	0
51	127	PINU.BAN	0.143	782	5272
51	127	PINU.RES	0.125	982	7887
51	127	PINU.STR	0.143	593	7018
51	127	POPU.TRE	0.167	761	5036
51	127	QUER.RUB	0.125	2887	10385
51	127	THUJ.SPP.ALL	0.091	649	4997
51	127	TSUG.CAN	0.077	336	4160
51	128	ABIE.BAL	0.111	253	1328
51	128	ACER.RUB	0.25	533	5489
51	128	ACER.SAH	0.111	1029	4087
51	128	BETU.ALL	0.091	254	2671
51	128	BETU.PAP	0.143	313	2010
51	128	FAGU.GRA	0.125	896	9881
51	128	LARI.LAR	0.111	37	249
51	128	PICE.GLA	0.1	346	4027
51	128	PICE.MAR	0.03	210	2075
51	128	PICE.RUB	0	0	0
51	128	PINU.BAN	0.143	817	5226
51	128	PINU.RES	0.125	1039	7884
51	128	PINU.STR	0.143	652	7136
51	128	POPU.TRE	0.167	676	5607
51	128	QUER.RUB	0.167	3109	9478
51	128	THUJ.SPP.ALL	0.083	676	5072
51	128	TSUG.CAN	0.077	383	4146
51	129	ABIE.BAL	0.111	301	1423
51	129	ACER.RUB	0.25	695	5678
51	129	ACER.SAH	0.125	934	4194
51	129	BETU.ALL	0.025	360	2581
51	129	BETU.PAP	0.143	295	2163
51	129	FAGU.GRA	0.125	1094	10565
51	129	LARI.LAR	0.111	39	246
51	129	PICE.GLA	0.091	453	4786
51	129	PICE.MAR	0.03	178	1931
51	129	PICE.RUB	0	0	0
51	129	PINU.BAN	0.143	901	5213
51	129	PINU.RES	0.125	1021	8076
51	129	PINU.STR	0.143	793	7415
51	129	POPU.TRE	0.167	663	5821
51	129	QUER.RUB	0.167	1555	9081
51	129	THUJ.SPP.ALL	0.077	677	5382
51	129	TSUG.CAN	0.071	506	4414
51	130	ABIE.BAL	0.111	454	1949
51	130	ACER.RUB	0.25	663	5769
51	130	ACER.SAH	0.111	1213	4836
51	130	BETU.ALL	0.091	332	2718
51	130	BETU.PAP	0.143	318	2129
51	130	FAGU.GRA	0.125	1006	10740
51	130	LARI.LAR	0.125	87	588
51	130	PICE.GLA	0.091	420	5035
51	130	PICE.MAR	0.03	315	2983
51	130	PICE.RUB	0	0	0
51	130	PINU.BAN	0.143	745	5377
51	130	PINU.RES	0.125	971	8395
51	130	PINU.STR	0.143	743	7677
51	130	POPU.TRE	0.167	630	5915
51	130	QUER.RUB	0.167	1848	10982
51	130	THUJ.SPP.ALL	0.083	720	5265
51	130	TSUG.CAN	0.077	526	4597
51	131	ABIE.BAL	0.111	640	2222
51	131	ACER.RUB	0.25	759	5986
51	131	ACER.SAH	0.125	1299	5109
51	131	BETU.ALL	0.091	347	3655
51	131	BETU.PAP	0.143	343	2474
51	131	FAGU.GRA	0.125	1161	10861
51	131	LARI.LAR	0.143	121	779
51	131	PICE.GLA	0.1	360	5859
51	131	PICE.MAR	0.03	376	3764
51	131	PICE.RUB	0	0	0
51	131	PINU.BAN	0.143	906	6022
51	131	PINU.RES	0.125	975	8538
51	131	PINU.STR	0.143	867	8001
51	131	POPU.TRE	0.167	638	6241
51	131	QUER.RUB	0.143	3856	11083
51	131	THUJ.SPP.ALL	0.083	673	5599
51	131	TSUG.CAN	0.077	630	5060
51	132	ABIE.BAL	0.111	457	2736
51	132	ACER.RUB	0.25	799	6040
51	132	ACER.SAH	0.111	975	6826
51	132	BETU.ALL	0.091	422	3813
51	132	BETU.PAP	0.143	355	2610
51	132	FAGU.GRA	0.125	1180	11223
51	132	LARI.LAR	0.143	198	1051
51	132	PICE.GLA	0.1	372	5979
51	132	PICE.MAR	0.059	630	4573
51	132	PICE.RUB	0	0	0
51	132	PINU.BAN	0.143	866	6046
51	132	PINU.RES	0.125	973	8995
51	132	PINU.STR	0.143	890	8043
51	132	POPU.TRE	0.167	696	6531
51	132	QUER.RUB	0.143	1254	13845
51	132	THUJ.SPP.ALL	0.083	668	5518
51	132	TSUG.CAN	0.077	649	5023
51	205	ABIE.BAL	0.125	340	1858
51	205	ACER.RUB	0.25	642	5011
51	205	ACER.SAH	0.1	1454	3825
51	205	BETU.ALL	0.111	364	3849
51	205	BETU.PAP	0.167	363	2333
51	205	FAGU.GRA	0.143	759	9725
51	205	LARI.LAR	0.167	115	726
51	205	PICE.GLA	0.1	551	5525
51	205	PICE.MAR	0.062	384	3609
51	205	PICE.RUB	0.071	1181	10225
51	205	PINU.BAN	0.143	1109	6831
51	205	PINU.RES	0.143	885	8310
51	205	PINU.STR	0.143	629	7320
51	205	POPU.TRE	0.167	787	5296
51	205	QUER.RUB	0.167	1087	9411
51	205	THUJ.SPP.ALL	0.091	583	5186
51	205	TSUG.CAN	0.091	516	4974
51	206	ABIE.BAL	0.111	342	1224
51	206	ACER.RUB	0.25	634	4643
51	206	ACER.SAH	0.111	759	2946
51	206	BETU.ALL	0.125	331	3871
51	206	BETU.PAP	0.167	389	2187
51	206	FAGU.GRA	0.143	658	9825
51	206	LARI.LAR	0.143	50	174
51	206	PICE.GLA	0.111	419	4786
51	206	PICE.MAR	0.062	223	1923
51	206	PICE.RUB	0.033	1173	9285
51	206	PINU.BAN	0.167	929	6879
51	206	PINU.RES	0.143	837	8197
51	206	PINU.STR	0.143	588	7007
51	206	POPU.TRE	0.2	755	5068
51	206	QUER.RUB	0.167	1383	9210
51	206	THUJ.SPP.ALL	0.091	544	5051
51	206	TSUG.CAN	0.091	476	4782
51	207	ABIE.BAL	0.125	285	1101
51	207	ACER.RUB	0.25	591	4727
51	207	ACER.SAH	0.091	920	3525
51	207	BETU.ALL	0.111	298	3576
51	207	BETU.PAP	0.167	372	2147
51	207	FAGU.GRA	0.143	695	9704
51	207	LARI.LAR	0.143	24	162
51	207	PICE.GLA	0.1	434	4307
51	207	PICE.MAR	0.062	271	2345
51	207	PICE.RUB	0.022	212	974
51	207	PINU.BAN	0.143	1036	6611
51	207	PINU.RES	0.143	945	8355
51	207	PINU.STR	0.143	580	6906
51	207	POPU.TRE	0.167	718	4953
51	207	QUER.RUB	0.143	1609	7713
51	207	THUJ.SPP.ALL	0.091	566	5041
51	207	TSUG.CAN	0.091	515	4562
51	208	ABIE.BAL	0.125	398	1856
51	208	ACER.RUB	0.25	609	5163
51	208	ACER.SAH	0.125	964	4306
51	208	BETU.ALL	0.111	344	3553
51	208	BETU.PAP	0.143	353	2258
51	208	FAGU.GRA	0.143	757	9910
51	208	LARI.LAR	0.143	120	716
51	208	PICE.GLA	0.1	482	5026
51	208	PICE.MAR	0.062	338	3343
51	208	PICE.RUB	0.059	924	7879
51	208	PINU.BAN	0.143	978	6614
51	208	PINU.RES	0.143	863	8334
51	208	PINU.STR	0.143	625	7141
51	208	POPU.TRE	0.167	757	5488
51	208	QUER.RUB	0.167	1214	9567
51	208	THUJ.SPP.ALL	0.091	622	5287
51	208	TSUG.CAN	0.091	577	4881
51	209	ABIE.BAL	0.111	236	1069
51	209	ACER.RUB	0.25	436	4641
51	209	ACER.SAH	0.125	1356	3604
51	209	BETU.ALL	0.125	326	3849
51	209	BETU.PAP	0.167	365	2162
51	209	FAGU.GRA	0.143	649	9313
51	209	LARI.LAR	0.143	34	232
51	209	PICE.GLA	0.111	423	4511
51	209	PICE.MAR	0.083	290	2572
51	209	PICE.RUB	0.083	895	8741
51	209	PINU.BAN	0.167	1065	6807
51	209	PINU.RES	0.143	1015	8011
51	209	PINU.STR	0.143	566	6636
51	209	POPU.TRE	0.2	809	4948
51	209	QUER.RUB	0.143	2369	8366
51	209	THUJ.SPP.ALL	0.091	550	4957
51	209	TSUG.CAN	0.091	619	4765
51	210	ABIE.BAL	0.111	368	1843
51	210	ACER.RUB	0.25	429	4856
51	210	ACER.SAH	0.125	1145	3860
51	210	BETU.ALL	0.125	346	3953
51	210	BETU.PAP	0.167	339	2311
51	210	FAGU.GRA	0.143	671	9742
51	210	LARI.LAR	0.167	124	774
51	210	PICE.GLA	0.111	491	4865
51	210	PICE.MAR	0.091	307	3438
51	210	PICE.RUB	0.083	1306	11915
51	210	PINU.BAN	0.167	842	6921
51	210	PINU.RES	0.143	790	8179
51	210	PINU.STR	0.143	576	6953
51	210	POPU.TRE	0.2	754	5056
51	210	QUER.RUB	0.167	1432	8230
51	210	THUJ.SPP.ALL	0.091	540	4955
51	210	TSUG.CAN	0.091	549	4759
51	211	ABIE.BAL	0.125	623	2289
51	211	ACER.RUB	0.25	480	5096
51	211	ACER.SAH	0.125	1032	4203
51	211	BETU.ALL	0.125	367	4154
51	211	BETU.PAP	0.167	336	2470
51	211	FAGU.GRA	0.143	699	9193
51	211	LARI.LAR	0.167	136	852
51	211	PICE.GLA	0.111	599	5324
51	211	PICE.MAR	0.091	446	4172
51	211	PICE.RUB	0.083	1692	10511
51	211	PINU.BAN	0.167	766	7228
51	211	PINU.RES	0.143	893	8301
51	211	PINU.STR	0.143	593	7077
51	211	POPU.TRE	0.2	717	5435
51	211	QUER.RUB	0.167	3339	10315
51	211	THUJ.SPP.ALL	0.091	582	5203
51	211	TSUG.CAN	0.091	510	5176
51	212	ABIE.BAL	0.111	324	1774
51	212	ACER.RUB	0.25	624	5629
51	212	ACER.SAH	0.125	1748	3829
51	212	BETU.ALL	0.1	467	3654
51	212	BETU.PAP	0.143	310	2318
51	212	FAGU.GRA	0.125	975	10390
51	212	LARI.LAR	0.125	66	358
51	212	PICE.GLA	0.1	391	5284
51	212	PICE.MAR	0.03	278	2359
51	212	PICE.RUB	0	0	0
51	212	PINU.BAN	0.143	878	5961
51	212	PINU.RES	0.125	936	8631
51	212	PINU.STR	0.143	772	7505
51	212	POPU.TRE	0.167	688	5719
51	212	QUER.RUB	0.167	2138	8824
51	212	THUJ.SPP.ALL	0.091	735	5354
51	212	TSUG.CAN	0.091	635	4937
51	213	ABIE.BAL	0.111	417	1795
51	213	ACER.RUB	0.25	601	5024
51	213	ACER.SAH	0.1	1032	4128
51	213	BETU.ALL	0.1	293	3175
51	213	BETU.PAP	0.143	310	2091
51	213	FAGU.GRA	0.125	763	9949
51	213	LARI.LAR	0.143	96	556
51	213	PICE.GLA	0.1	358	4414
51	213	PICE.MAR	0.04	276	2896
51	213	PICE.RUB	0	0	0
51	213	PINU.BAN	0.143	992	6144
51	213	PINU.RES	0.125	876	8231
51	213	PINU.STR	0.143	617	7069
51	213	POPU.TRE	0.167	715	5183
51	213	QUER.RUB	0.167	1497	9444
51	213	THUJ.SPP.ALL	0.091	609	5067
51	213	TSUG.CAN	0.091	556	4471
51	214	ABIE.BAL	0.091	182	921
51	214	ACER.RUB	0.25	484	4887
51	214	ACER.SAH	0.111	469	2954
51	214	BETU.ALL	0.1	288	3103
51	214	BETU.PAP	0.143	353	1919
51	214	FAGU.GRA	0.143	694	9792
51	214	LARI.LAR	0.111	8	55
51	214	PICE.GLA	0.1	310	3827
51	214	PICE.MAR	0.03	118	900
51	214	PICE.RUB	0	0	0
51	214	PINU.BAN	0.143	1030	6022
51	214	PINU.RES	0.125	844	8028
51	214	PINU.STR	0.143	591	6901
51	214	POPU.TRE	0.167	904	4820
51	214	QUER.RUB	0.125	2411	10305
51	214	THUJ.SPP.ALL	0.091	562	4872
51	214	TSUG.CAN	0.091	367	4147
51	215	ABIE.BAL	0.111	571	2221
51	215	ACER.RUB	0.25	738	5769
51	215	ACER.SAH	0.125	835	5494
51	215	BETU.ALL	0.1	376	3806
51	215	BETU.PAP	0.143	348	2437
51	215	FAGU.GRA	0.125	1143	10679
51	215	LARI.LAR	0.143	129	717
51	215	PICE.GLA	0.1	423	6191
51	215	PICE.MAR	0.03	371	3918
51	215	PICE.RUB	0	0	0
51	215	PINU.BAN	0.143	965	6296
51	215	PINU.RES	0.125	971	9047
51	215	PINU.STR	0.143	893	7833
51	215	POPU.TRE	0.167	688	6275
51	215	QUER.RUB	0.167	2223	11661
51	215	THUJ.SPP.ALL	0.091	736	5488
51	215	TSUG.CAN	0.091	645	5109
51	216	ABIE.BAL	0.111	370	2100
51	216	ACER.RUB	0.25	652	5668
51	216	ACER.SAH	0.125	1759	5243
51	216	BETU.ALL	0.1	339	3759
51	216	BETU.PAP	0.143	325	2445
51	216	FAGU.GRA	0.125	995	10710
51	216	LARI.LAR	0.143	136	656
51	216	PICE.GLA	0.1	391	5641
51	216	PICE.MAR	0.03	343	3547
51	216	PICE.RUB	0	0	0
51	216	PINU.BAN	0.143	825	6127
51	216	PINU.RES	0.125	921	8596
51	216	PINU.STR	0.143	790	7394
51	216	POPU.TRE	0.167	711	5959
51	216	QUER.RUB	0.143	2829	10715
51	216	THUJ.SPP.ALL	0.091	734	5237
51	216	TSUG.CAN	0.091	589	4783
51	217	ABIE.BAL	0.125	599	2981
51	217	ACER.RUB	0.25	779	6029
51	217	ACER.SAH	0.125	911	7119
51	217	BETU.ALL	0.111	497	4606
51	217	BETU.PAP	0.143	339	2762
51	217	FAGU.GRA	0.143	1136	10712
51	217	LARI.LAR	0.125	237	1219
51	217	PICE.GLA	0.1	793	7321
51	217	PICE.MAR	0.067	626	5538
51	217	PICE.RUB	0.024	1621	11267
51	217	PINU.BAN	0.143	820	7231
51	217	PINU.RES	0.143	911	9117
51	217	PINU.STR	0.143	947	7979
51	217	POPU.TRE	0.167	782	6567
51	217	QUER.RUB	0.167	1735	12779
51	217	THUJ.SPP.ALL	0.091	645	5693
51	217	TSUG.CAN	0.091	719	5726
51	218	ABIE.BAL	0.125	647	3147
51	218	ACER.RUB	0.25	788	5784
51	218	ACER.SAH	0.125	973	6925
51	218	BETU.ALL	0.125	522	5187
51	218	BETU.PAP	0.167	361	3039
51	218	FAGU.GRA	0.143	1068	10621
51	218	LARI.LAR	0.167	212	1533
51	218	PICE.GLA	0.111	810	8434
51	218	PICE.MAR	0.091	548	6275
51	218	PICE.RUB	0.091	2084	10428
51	218	PINU.BAN	0.167	805	7975
51	218	PINU.RES	0.143	916	9405
51	218	PINU.STR	0.143	929	7944
51	218	POPU.TRE	0.2	766	6682
51	218	QUER.RUB	0.167	1318	13314
51	218	THUJ.SPP.ALL	0.091	607	5717
51	218	TSUG.CAN	0.091	651	6246
51	219	ABIE.BAL	0.125	668	3388
51	219	ACER.RUB	0.25	787	5935
51	219	ACER.SAH	0.125	1008	7536
51	219	BETU.ALL	0.125	490	5184
51	219	BETU.PAP	0.167	385	3034
51	219	FAGU.GRA	0.143	1019	10599
51	219	LARI.LAR	0.167	236	1787
51	219	PICE.GLA	0.111	779	8318
51	219	PICE.MAR	0.091	552	6684
51	219	PICE.RUB	0.091	1757	10414
51	219	PINU.BAN	0.167	729	8005
51	219	PINU.RES	0.143	907	9372
51	219	PINU.STR	0.143	880	7749
51	219	POPU.TRE	0.2	815	6730
51	219	QUER.RUB	0.167	1429	14049
51	219	THUJ.SPP.ALL	0.091	586	5688
51	219	TSUG.CAN	0.091	636	6360
51	220	ABIE.BAL	0.125	580	3171
51	220	ACER.RUB	0.25	702	5984
51	220	ACER.SAH	0.125	716	6369
51	220	BETU.ALL	0.111	459	4655
51	220	BETU.PAP	0.167	378	2845
51	220	FAGU.GRA	0.143	988	10585
51	220	LARI.LAR	0.167	201	1503
51	220	PICE.GLA	0.111	833	7755
51	220	PICE.MAR	0.083	608	5850
51	220	PICE.RUB	0.077	1916	10171
51	220	PINU.BAN	0.167	768	7796
51	220	PINU.RES	0.143	903	9518
51	220	PINU.STR	0.143	870	8146
51	220	POPU.TRE	0.167	694	6581
51	220	QUER.RUB	0.167	1870	12096
51	220	THUJ.SPP.ALL	0.091	620	5761
51	220	TSUG.CAN	0.091	587	6061
51	221	ABIE.BAL	0.125	456	2879
51	221	ACER.RUB	0.25	819	6039
51	221	ACER.SAH	0.125	1264	6860
51	221	BETU.ALL	0.111	492	4266
51	221	BETU.PAP	0.143	344	2801
51	221	FAGU.GRA	0.143	1166	10332
51	221	LARI.LAR	0.143	184	1228
51	221	PICE.GLA	0.1	802	7228
51	221	PICE.MAR	0.067	517	4912
51	221	PICE.RUB	0	0	0
51	221	PINU.BAN	0.143	785	7164
51	221	PINU.RES	0.143	977	9070
51	221	PINU.STR	0.143	918	7978
51	221	POPU.TRE	0.167	819	6601
51	221	QUER.RUB	0.167	2472	12828
51	221	THUJ.SPP.ALL	0.091	663	5966
51	221	TSUG.CAN	0.091	708	5941
51	226	ABIE.BAL	0.111	351	1598
51	226	ACER.RUB	0.25	624	5845
51	226	ACER.SAH	0.125	928	4078
51	226	BETU.ALL	0.091	447	3477
51	226	BETU.PAP	0.143	308	2239
51	226	FAGU.GRA	0.125	1107	10606
51	226	LARI.LAR	0.143	79	489
51	226	PICE.GLA	0.1	422	5294
51	226	PICE.MAR	0.03	239	2841
51	226	PICE.RUB	0	0	0
51	226	PINU.BAN	0.143	658	5650
51	226	PINU.RES	0.125	973	8576
51	226	PINU.STR	0.143	837	7780
51	226	POPU.TRE	0.167	655	5928
51	226	QUER.RUB	0.167	1028	9935
51	226	THUJ.SPP.ALL	0.083	720	5374
51	226	TSUG.CAN	0.077	557	4578
51	227	ABIE.BAL	0.111	201	1177
51	227	ACER.RUB	0.25	737	5065
51	227	ACER.SAH	0.1	1029	3733
51	227	BETU.ALL	0.091	282	2804
51	227	BETU.PAP	0.143	301	2035
51	227	FAGU.GRA	0.125	829	10257
51	227	LARI.LAR	0.125	37	197
51	227	PICE.GLA	0.1	333	4065
51	227	PICE.MAR	0.03	196	1475
51	227	PICE.RUB	0	0	0
51	227	PINU.BAN	0.143	734	5478
51	227	PINU.RES	0.125	1024	8089
51	227	PINU.STR	0.143	620	7191
51	227	POPU.TRE	0.167	770	5300
51	227	QUER.RUB	0.167	1826	8837
51	227	THUJ.SPP.ALL	0.091	663	5155
51	227	TSUG.CAN	0.083	371	4155
51	296	ABIE.BAL	0.1	325	1389
51	296	ACER.RUB	0.25	572	4600
51	296	ACER.SAH	0.083	869	3407
51	296	BETU.ALL	0.125	330	3860
51	296	BETU.PAP	0.167	408	2158
51	296	FAGU.GRA	0.143	708	9899
51	296	LARI.LAR	0.125	66	333
51	296	PICE.GLA	0.111	555	5021
51	296	PICE.MAR	0.05	271	2664
51	296	PICE.RUB	0.029	1151	8616
51	296	PINU.BAN	0.167	604	6882
51	296	PINU.RES	0.143	810	8265
51	296	PINU.STR	0.143	600	7111
51	296	POPU.TRE	0.2	839	5029
51	296	QUER.RUB	0.125	2199	8828
51	296	THUJ.SPP.ALL	0.091	523	5020
51	296	TSUG.CAN	0.091	515	4762
51	297	ABIE.BAL	0.125	506	1984
51	297	ACER.RUB	0.25	614	5215
51	297	ACER.SAH	0.125	793	4405
51	297	BETU.ALL	0.125	403	4129
51	297	BETU.PAP	0.167	322	2418
51	297	FAGU.GRA	0.143	786	9940
51	297	LARI.LAR	0.167	118	739
51	297	PICE.GLA	0.111	736	5912
51	297	PICE.MAR	0.077	417	3923
51	297	PICE.RUB	0.071	1242	10585
51	297	PINU.BAN	0.167	797	7016
51	297	PINU.RES	0.143	821	8660
51	297	PINU.STR	0.143	662	7114
51	297	POPU.TRE	0.2	672	5574
51	297	QUER.RUB	0.167	1436	9464
51	297	THUJ.SPP.ALL	0.091	592	5188
51	297	TSUG.CAN	0.091	535	4899
