LandisData "Dynamic Input Data"

>>	year	landtype	species	probEst	maxANPP	maxB
0	53	ABIE.BAL	0.692	368	3130
0	53	ACER.RUB	0.042	26	12
0	53	ACER.SAH	0.347	676	5706
0	53	BETU.ALL	0.581	880	7515
0	53	BETU.PAP	0.786	772	5074
0	53	FAGU.GRA	0	0	0
0	53	LARI.LAR	0.786	472	3241
0	53	PICE.GLA	0.651	1147	14888
0	53	PICE.MAR	0.581	1325	13546
0	53	PICE.RUB	0.296	2420	13935
0	53	PINU.BAN	0.786	1304	12729
0	53	PINU.RES	0	0	0
0	53	PINU.STR	0	0	0
0	53	POPU.TRE	0.786	1426	10474
0	53	QUER.RUB	0	0	0
0	53	THUJ.SPP.ALL	0.455	781	7927
0	53	TSUG.CAN	0	0	0
0	54	ABIE.BAL	0.692	459	3045
0	54	ACER.RUB	0.042	45	21
0	54	ACER.SAH	0.347	673	5779
0	54	BETU.ALL	0.581	868	7837
0	54	BETU.PAP	0.786	776	4972
0	54	FAGU.GRA	0	0	0
0	54	LARI.LAR	0.786	526	3099
0	54	PICE.GLA	0.651	1198	14971
0	54	PICE.MAR	0.581	1443	12824
0	54	PICE.RUB	0.324	1834	14160
0	54	PINU.BAN	0.786	1327	12858
0	54	PINU.RES	0	0	0
0	54	PINU.STR	0	0	0
0	54	POPU.TRE	0.786	1441	10564
0	54	QUER.RUB	0	0	0
0	54	THUJ.SPP.ALL	0.455	782	7896
0	54	TSUG.CAN	0	0	0
0	59	ABIE.BAL	0.692	384	3233
0	59	ACER.RUB	0.042	102	41
0	59	ACER.SAH	0.372	792	6480
0	59	BETU.ALL	0.614	940	7839
0	59	BETU.PAP	0.786	770	5079
0	59	FAGU.GRA	0	0	0
0	59	LARI.LAR	0.786	500	3253
0	59	PICE.GLA	0.651	1221	15004
0	59	PICE.MAR	0.581	1442	13738
0	59	PICE.RUB	0.347	2380	14167
0	59	PINU.BAN	0.786	1326	12577
0	59	PINU.RES	0	0	0
0	59	PINU.STR	0	0	0
0	59	POPU.TRE	0.786	1502	10446
0	59	QUER.RUB	0	0	0
0	59	THUJ.SPP.ALL	0.498	792	7768
0	59	TSUG.CAN	0	0	0
0	60	ABIE.BAL	0.692	502	3245
0	60	ACER.RUB	0.455	845	5352
0	60	ACER.SAH	0.418	952	7410
0	60	BETU.ALL	0.614	988	8232
0	60	BETU.PAP	0.786	842	5143
0	60	FAGU.GRA	0	0	0
0	60	LARI.LAR	0.786	484	3596
0	60	PICE.GLA	0.651	1302	15412
0	60	PICE.MAR	0.581	1359	13666
0	60	PICE.RUB	0.372	2169	15540
0	60	PINU.BAN	0.786	1479	13012
0	60	PINU.RES	0	0	0
0	60	PINU.STR	0	0	0
0	60	POPU.TRE	0.786	1533	10491
0	60	QUER.RUB	0	0	0
0	60	THUJ.SPP.ALL	0.523	819	8071
0	60	TSUG.CAN	0	0	0
0	63	ABIE.BAL	0.651	361	3102
0	63	ACER.RUB	0	0	0
0	63	ACER.SAH	0.041	22	6
0	63	BETU.ALL	0.551	809	7351
0	63	BETU.PAP	0.786	761	5005
0	63	FAGU.GRA	0	0	0
0	63	LARI.LAR	0.786	441	3255
0	63	PICE.GLA	0.614	1147	14680
0	63	PICE.MAR	0.581	1222	13249
0	63	PICE.RUB	0.155	1036	11262
0	63	PINU.BAN	0.786	1226	12312
0	63	PINU.RES	0	0	0
0	63	PINU.STR	0	0	0
0	63	POPU.TRE	0.786	1407	10271
0	63	QUER.RUB	0	0	0
0	63	THUJ.SPP.ALL	0.455	876	7722
0	63	TSUG.CAN	0	0	0
0	71	ABIE.BAL	0.692	381	3107
0	71	ACER.RUB	0.042	88	33
0	71	ACER.SAH	0.372	736	6241
0	71	BETU.ALL	0.614	919	8017
0	71	BETU.PAP	0.786	804	5156
0	71	FAGU.GRA	0	0	0
0	71	LARI.LAR	0.786	566	3543
0	71	PICE.GLA	0.651	1249	15104
0	71	PICE.MAR	0.581	1231	13146
0	71	PICE.RUB	0.347	2103	14435
0	71	PINU.BAN	0.786	1416	12828
0	71	PINU.RES	0	0	0
0	71	PINU.STR	0	0	0
0	71	POPU.TRE	0.786	1473	10375
0	71	QUER.RUB	0	0	0
0	71	THUJ.SPP.ALL	0.498	762	8292
0	71	TSUG.CAN	0	0	0
0	99	ABIE.BAL	0.692	406	3203
0	99	ACER.RUB	0.372	892	4790
0	99	ACER.SAH	0.418	764	6879
0	99	BETU.ALL	0.614	974	7781
0	99	BETU.PAP	0.786	845	5167
0	99	FAGU.GRA	0	0	0
0	99	LARI.LAR	0.786	466	3849
0	99	PICE.GLA	0.651	1272	15148
0	99	PICE.MAR	0.581	1357	13548
0	99	PICE.RUB	0.359	2080	14555
0	99	PINU.BAN	0.786	1383	12859
0	99	PINU.RES	0	0	0
0	99	PINU.STR	0	0	0
0	99	POPU.TRE	0.786	1516	10502
0	99	QUER.RUB	0	0	0
0	99	THUJ.SPP.ALL	0.498	781	8449
0	99	TSUG.CAN	0	0	0
0	118	ABIE.BAL	0.692	586	3157
0	118	ACER.RUB	0.581	590	6317
0	118	ACER.SAH	0.498	1014	7905
0	118	BETU.ALL	0.651	1017	8386
0	118	BETU.PAP	0.786	820	5175
0	118	FAGU.GRA	0	0	0
0	118	LARI.LAR	0.786	425	3772
0	118	PICE.GLA	0.651	1352	15478
0	118	PICE.MAR	0.581	1328	13324
0	118	PICE.RUB	0.418	2153	16803
0	118	PINU.BAN	0.786	1542	13005
0	118	PINU.RES	0	0	0
0	118	PINU.STR	0	0	0
0	118	POPU.TRE	0.786	1543	10523
0	118	QUER.RUB	0	0	0
0	118	THUJ.SPP.ALL	0.523	777	8728
0	118	TSUG.CAN	0	0	0
0	119	ABIE.BAL	0.692	387	3280
0	119	ACER.RUB	0.614	768	6640
0	119	ACER.SAH	0.551	979	9757
0	119	BETU.ALL	0.651	1127	8516
0	119	BETU.PAP	0.786	929	5221
0	119	FAGU.GRA	0	0	0
0	119	LARI.LAR	0.786	531	3725
0	119	PICE.GLA	0.651	1392	16347
0	119	PICE.MAR	0.614	1437	13722
0	119	PICE.RUB	0.455	2184	16616
0	119	PINU.BAN	0.786	1618	13115
0	119	PINU.RES	0	0	0
0	119	PINU.STR	0	0	0
0	119	POPU.TRE	0.786	1610	10891
0	119	QUER.RUB	0	0	0
0	119	THUJ.SPP.ALL	0.523	793	8802
0	119	TSUG.CAN	0.041	4	1
0	120	ABIE.BAL	0.692	405	3355
0	120	ACER.RUB	0.614	619	6893
0	120	ACER.SAH	0.551	1042	10083
0	120	BETU.ALL	0.651	1133	8604
0	120	BETU.PAP	0.786	914	5349
0	120	FAGU.GRA	0	0	0
0	120	LARI.LAR	0.786	508	3737
0	120	PICE.GLA	0.651	1432	16524
0	120	PICE.MAR	0.614	1403	13943
0	120	PICE.RUB	0.455	2460	17646
0	120	PINU.BAN	0.786	1661	13276
0	120	PINU.RES	0	0	0
0	120	PINU.STR	0	0	0
0	120	POPU.TRE	0.786	1629	10944
0	120	QUER.RUB	0	0	0
0	120	THUJ.SPP.ALL	0.523	796	8841
0	120	TSUG.CAN	0.041	12	2
0	121	ABIE.BAL	0.692	405	3319
0	121	ACER.RUB	0.614	708	6696
0	121	ACER.SAH	0.551	822	9600
0	121	BETU.ALL	0.651	1106	8754
0	121	BETU.PAP	0.786	891	5236
0	121	FAGU.GRA	0	0	0
0	121	LARI.LAR	0.786	409	3721
0	121	PICE.GLA	0.651	1448	16407
0	121	PICE.MAR	0.581	1240	14261
0	121	PICE.RUB	0.455	2401	16339
0	121	PINU.BAN	0.786	1654	13317
0	121	PINU.RES	0	0	0
0	121	PINU.STR	0	0	0
0	121	POPU.TRE	0.786	1589	10910
0	121	QUER.RUB	0	0	0
0	121	THUJ.SPP.ALL	0.523	792	8675
0	121	TSUG.CAN	0.041	3	10
0	122	ABIE.BAL	0.692	395	3338
0	122	ACER.RUB	0.651	883	7102
0	122	ACER.SAH	0.581	1062	10618
0	122	BETU.ALL	0.692	1192	8651
0	122	BETU.PAP	0.786	938	5318
0	122	FAGU.GRA	0	0	0
0	122	LARI.LAR	0.786	506	3934
0	122	PICE.GLA	0.651	1469	16181
0	122	PICE.MAR	0.614	1475	14017
0	122	PICE.RUB	0.476	2876	17247
0	122	PINU.BAN	0.786	1696	13234
0	122	PINU.RES	0	0	0
0	122	PINU.STR	0.347	439	4463
0	122	POPU.TRE	0.786	1660	10821
0	122	QUER.RUB	0.041	20	5
0	122	THUJ.SPP.ALL	0.523	940	9064
0	122	TSUG.CAN	0.108	374	5271
0	125	ABIE.BAL	0.692	397	3388
0	125	ACER.RUB	0.651	734	7361
0	125	ACER.SAH	0.581	879	10155
0	125	BETU.ALL	0.692	1146	8644
0	125	BETU.PAP	0.786	945	5351
0	125	FAGU.GRA	0	0	0
0	125	LARI.LAR	0.786	520	3939
0	125	PICE.GLA	0.651	1466	16408
0	125	PICE.MAR	0.614	1293	14357
0	125	PICE.RUB	0.455	2582	17384
0	125	PINU.BAN	0.786	1694	13356
0	125	PINU.RES	0	0	0
0	125	PINU.STR	0	0	0
0	125	POPU.TRE	0.786	1662	10899
0	125	QUER.RUB	0.041	2	1
0	125	THUJ.SPP.ALL	0.523	920	9262
0	125	TSUG.CAN	0.09	321	4308
0	127	ABIE.BAL	0.692	447	3212
0	127	ACER.RUB	0.372	865	5399
0	127	ACER.SAH	0.435	922	7037
0	127	BETU.ALL	0.614	1077	8026
0	127	BETU.PAP	0.786	852	5206
0	127	FAGU.GRA	0	0	0
0	127	LARI.LAR	0.786	521	4232
0	127	PICE.GLA	0.651	1306	14887
0	127	PICE.MAR	0.581	1517	13663
0	127	PICE.RUB	0.372	2218	15574
0	127	PINU.BAN	0.786	1471	13064
0	127	PINU.RES	0	0	0
0	127	PINU.STR	0	0	0
0	127	POPU.TRE	0.786	1539	10546
0	127	QUER.RUB	0	0	0
0	127	THUJ.SPP.ALL	0.498	965	9438
0	127	TSUG.CAN	0	0	0
0	129	ABIE.BAL	0.692	369	3322
0	129	ACER.RUB	0.581	508	6752
0	129	ACER.SAH	0.551	843	9333
0	129	BETU.ALL	0.651	1082	8310
0	129	BETU.PAP	0.786	901	5269
0	129	FAGU.GRA	0	0	0
0	129	LARI.LAR	0.786	494	3594
0	129	PICE.GLA	0.651	1368	16012
0	129	PICE.MAR	0.581	1402	13829
0	129	PICE.RUB	0.455	2533	16825
0	129	PINU.BAN	0.786	1608	13146
0	129	PINU.RES	0	0	0
0	129	PINU.STR	0	0	0
0	129	POPU.TRE	0.786	1537	10910
0	129	QUER.RUB	0	0	0
0	129	THUJ.SPP.ALL	0.523	774	8331
0	129	TSUG.CAN	0	0	0
0	133	ABIE.BAL	0.692	414	3226
0	133	ACER.RUB	0.614	779	6377
0	133	ACER.SAH	0.551	920	9641
0	133	BETU.ALL	0.651	1089	7872
0	133	BETU.PAP	0.786	918	5260
0	133	FAGU.GRA	0	0	0
0	133	LARI.LAR	0.786	466	3785
0	133	PICE.GLA	0.651	1359	15663
0	133	PICE.MAR	0.581	1310	13977
0	133	PICE.RUB	0.455	2449	16382
0	133	PINU.BAN	0.786	1624	13043
0	133	PINU.RES	0	0	0
0	133	PINU.STR	0	0	0
0	133	POPU.TRE	0.786	1603	10723
0	133	QUER.RUB	0	0	0
0	133	THUJ.SPP.ALL	0.523	825	9079
0	133	TSUG.CAN	0.04	1	10
0	134	ABIE.BAL	0.692	384	3248
0	134	ACER.RUB	0.176	727	5508
0	134	ACER.SAH	0.418	933	6852
0	134	BETU.ALL	0.614	1025	7742
0	134	BETU.PAP	0.786	852	5157
0	134	FAGU.GRA	0	0	0
0	134	LARI.LAR	0.786	491	3656
0	134	PICE.GLA	0.651	1290	15199
0	134	PICE.MAR	0.581	1355	13756
0	134	PICE.RUB	0.359	2149	15018
0	134	PINU.BAN	0.786	1481	12722
0	134	PINU.RES	0	0	0
0	134	PINU.STR	0	0	0
0	134	POPU.TRE	0.786	1505	10569
0	134	QUER.RUB	0	0	0
0	134	THUJ.SPP.ALL	0.498	742	8291
0	134	TSUG.CAN	0	0	0
20	53	ABIE.BAL	0.737	407	2901
20	53	ACER.RUB	0.786	764	7900
20	53	ACER.SAH	0.692	1150	9742
20	53	BETU.ALL	0.692	1054	8459
20	53	BETU.PAP	0.893	810	5090
20	53	FAGU.GRA	0	0	0
20	53	LARI.LAR	0.838	337	2977
20	53	PICE.GLA	0.692	1499	15801
20	53	PICE.MAR	0.614	1342	11825
20	53	PICE.RUB	0.523	2876	17050
20	53	PINU.BAN	0.838	1601	13426
20	53	PINU.RES	0.214	501	8545
20	53	PINU.STR	0.24	573	8241
20	53	POPU.TRE	0.838	1412	10708
20	53	QUER.RUB	0.194	1176	11033
20	53	THUJ.SPP.ALL	0.551	869	9073
20	53	TSUG.CAN	0.347	545	7193
20	54	ABIE.BAL	0.737	411	2920
20	54	ACER.RUB	0.786	871	7790
20	54	ACER.SAH	0.692	1183	9057
20	54	BETU.ALL	0.692	1136	8435
20	54	BETU.PAP	0.893	815	5187
20	54	FAGU.GRA	0	0	0
20	54	LARI.LAR	0.786	365	2922
20	54	PICE.GLA	0.692	1434	15477
20	54	PICE.MAR	0.614	1207	11544
20	54	PICE.RUB	0.523	2043	16842
20	54	PINU.BAN	0.838	1575	13460
20	54	PINU.RES	0.214	558	9325
20	54	PINU.STR	0.498	467	7897
20	54	POPU.TRE	0.838	1478	10554
20	54	QUER.RUB	0.201	1354	11475
20	54	THUJ.SPP.ALL	0.551	915	8856
20	54	TSUG.CAN	0.372	543	6690
20	59	ABIE.BAL	0.737	465	3030
20	59	ACER.RUB	0.786	820	8278
20	59	ACER.SAH	0.692	1051	10198
20	59	BETU.ALL	0.692	1145	8339
20	59	BETU.PAP	0.893	843	5201
20	59	FAGU.GRA	0	0	0
20	59	LARI.LAR	0.838	389	2998
20	59	PICE.GLA	0.692	1490	15847
20	59	PICE.MAR	0.614	1184	12509
20	59	PICE.RUB	0.523	2507	17192
20	59	PINU.BAN	0.838	1632	13486
20	59	PINU.RES	0.24	813	10988
20	59	PINU.STR	0.523	1021	8663
20	59	POPU.TRE	0.838	1513	10653
20	59	QUER.RUB	0.224	1129	12857
20	59	THUJ.SPP.ALL	0.551	898	9073
20	59	TSUG.CAN	0.386	587	7577
20	60	ABIE.BAL	0.786	434	3082
20	60	ACER.RUB	0.786	923	8430
20	60	ACER.SAH	0.692	1288	10889
20	60	BETU.ALL	0.692	1269	8855
20	60	BETU.PAP	0.893	846	5328
20	60	FAGU.GRA	0	0	0
20	60	LARI.LAR	0.838	437	3262
20	60	PICE.GLA	0.692	1505	16136
20	60	PICE.MAR	0.614	1267	12663
20	60	PICE.RUB	0.523	2061	17084
20	60	PINU.BAN	0.838	1700	13691
20	60	PINU.RES	0.737	1047	11850
20	60	PINU.STR	0.651	1163	8838
20	60	POPU.TRE	0.838	1596	10832
20	60	QUER.RUB	0.498	1850	13241
20	60	THUJ.SPP.ALL	0.551	964	9378
20	60	TSUG.CAN	0.435	694	7687
20	63	ABIE.BAL	0.692	432	2944
20	63	ACER.RUB	0.737	671	7626
20	63	ACER.SAH	0.692	1121	8493
20	63	BETU.ALL	0.692	981	8845
20	63	BETU.PAP	0.893	708	5086
20	63	FAGU.GRA	0	0	0
20	63	LARI.LAR	0.786	356	2936
20	63	PICE.GLA	0.651	1469	15279
20	63	PICE.MAR	0.614	1264	12166
20	63	PICE.RUB	0.498	2535	16221
20	63	PINU.BAN	0.838	1499	13523
20	63	PINU.RES	0.19	546	6565
20	63	PINU.STR	0.21	442	6470
20	63	POPU.TRE	0.838	1407	10628
20	63	QUER.RUB	0.19	822	8630
20	63	THUJ.SPP.ALL	0.551	841	8590
20	63	TSUG.CAN	0.224	380	6050
20	71	ABIE.BAL	0.737	557	2903
20	71	ACER.RUB	0.786	833	8126
20	71	ACER.SAH	0.692	1489	10257
20	71	BETU.ALL	0.692	1112	8517
20	71	BETU.PAP	0.893	831	5115
20	71	FAGU.GRA	0	0	0
20	71	LARI.LAR	0.838	514	3045
20	71	PICE.GLA	0.692	1496	15624
20	71	PICE.MAR	0.614	1095	11836
20	71	PICE.RUB	0.523	2256	17388
20	71	PINU.BAN	0.838	1568	13624
20	71	PINU.RES	0.214	641	10650
20	71	PINU.STR	0.523	1043	8517
20	71	POPU.TRE	0.838	1461	10512
20	71	QUER.RUB	0.24	937	11025
20	71	THUJ.SPP.ALL	0.551	1010	9431
20	71	TSUG.CAN	0.386	582	7465
20	99	ABIE.BAL	0.737	447	2987
20	99	ACER.RUB	0.786	823	8145
20	99	ACER.SAH	0.692	1476	10356
20	99	BETU.ALL	0.692	1212	8742
20	99	BETU.PAP	0.893	866	5313
20	99	FAGU.GRA	0	0	0
20	99	LARI.LAR	0.838	678	3455
20	99	PICE.GLA	0.692	1558	15987
20	99	PICE.MAR	0.614	1105	12014
20	99	PICE.RUB	0.523	2035	16933
20	99	PINU.BAN	0.838	1676	13496
20	99	PINU.RES	0.214	633	11154
20	99	PINU.STR	0.523	1007	8626
20	99	POPU.TRE	0.838	1567	10606
20	99	QUER.RUB	0.476	2329	12796
20	99	THUJ.SPP.ALL	0.551	1144	9843
20	99	TSUG.CAN	0.386	633	7303
20	118	ABIE.BAL	0.786	563	2843
20	118	ACER.RUB	0.786	950	8611
20	118	ACER.SAH	0.692	1052	10133
20	118	BETU.ALL	0.786	1203	8379
20	118	BETU.PAP	0.893	865	5086
20	118	FAGU.GRA	0	0	0
20	118	LARI.LAR	0.838	400	3053
20	118	PICE.GLA	0.692	1533	15576
20	118	PICE.MAR	0.614	1071	11169
20	118	PICE.RUB	0.551	3292	18804
20	118	PINU.BAN	0.838	1712	13636
20	118	PINU.RES	0.737	1087	12640
20	118	PINU.STR	0.737	1010	10290
20	118	POPU.TRE	0.838	1470	10569
20	118	QUER.RUB	0.523	2124	12962
20	118	THUJ.SPP.ALL	0.614	1065	9439
20	118	TSUG.CAN	0.455	821	8751
20	119	ABIE.BAL	0.786	417	3001
20	119	ACER.RUB	0.786	1026	8738
20	119	ACER.SAH	0.692	1640	11579
20	119	BETU.ALL	0.786	1221	9067
20	119	BETU.PAP	0.893	877	5236
20	119	FAGU.GRA	0	0	0
20	119	LARI.LAR	0.838	425	3237
20	119	PICE.GLA	0.692	1551	15708
20	119	PICE.MAR	0.614	1065	11395
20	119	PICE.RUB	0.551	2620	18432
20	119	PINU.BAN	0.893	1768	13881
20	119	PINU.RES	0.786	1322	13649
20	119	PINU.STR	0.737	1016	10674
20	119	POPU.TRE	0.838	1583	10562
20	119	QUER.RUB	0.551	3525	15060
20	119	THUJ.SPP.ALL	0.614	1053	9526
20	119	TSUG.CAN	0.498	782	9100
20	120	ABIE.BAL	0.786	494	3065
20	120	ACER.RUB	0.838	1117	8715
20	120	ACER.SAH	0.786	1231	10694
20	120	BETU.ALL	0.786	1213	9369
20	120	BETU.PAP	0.893	861	5306
20	120	FAGU.GRA	0.053	152	589
20	120	LARI.LAR	0.838	454	3123
20	120	PICE.GLA	0.692	1619	16471
20	120	PICE.MAR	0.614	1039	12210
20	120	PICE.RUB	0.551	2540	17910
20	120	PINU.BAN	0.893	1760	13841
20	120	PINU.RES	0.786	1363	14046
20	120	PINU.STR	0.737	1036	10466
20	120	POPU.TRE	0.838	1697	10872
20	120	QUER.RUB	0.551	2818	16186
20	120	THUJ.SPP.ALL	0.614	981	9482
20	120	TSUG.CAN	0.498	814	9210
20	121	ABIE.BAL	0.786	486	3046
20	121	ACER.RUB	0.786	1081	8650
20	121	ACER.SAH	0.692	1269	11609
20	121	BETU.ALL	0.786	1154	8912
20	121	BETU.PAP	0.893	925	5357
20	121	FAGU.GRA	0	0	0
20	121	LARI.LAR	0.838	376	3254
20	121	PICE.GLA	0.692	1625	15732
20	121	PICE.MAR	0.614	1049	12399
20	121	PICE.RUB	0.551	2224	18212
20	121	PINU.BAN	0.838	1824	13837
20	121	PINU.RES	0.786	1342	13544
20	121	PINU.STR	0.737	1039	10490
20	121	POPU.TRE	0.838	1668	10776
20	121	QUER.RUB	0.651	2610	15240
20	121	THUJ.SPP.ALL	0.614	973	9543
20	121	TSUG.CAN	0.498	780	9108
20	122	ABIE.BAL	0.786	421	3086
20	122	ACER.RUB	0.838	1136	9041
20	122	ACER.SAH	0.786	1381	11560
20	122	BETU.ALL	0.786	1278	8995
20	122	BETU.PAP	0.893	910	5316
20	122	FAGU.GRA	0.19	1024	9583
20	122	LARI.LAR	0.838	413	3565
20	122	PICE.GLA	0.692	1639	15853
20	122	PICE.MAR	0.614	1071	12415
20	122	PICE.RUB	0.581	2489	19166
20	122	PINU.BAN	0.893	1792	13907
20	122	PINU.RES	0.786	1418	14542
20	122	PINU.STR	0.737	1113	10978
20	122	POPU.TRE	0.838	1681	10908
20	122	QUER.RUB	0.651	2409	16377
20	122	THUJ.SPP.ALL	0.614	1125	10139
20	122	TSUG.CAN	0.523	861	9332
20	125	ABIE.BAL	0.786	424	3067
20	125	ACER.RUB	0.838	1142	8792
20	125	ACER.SAH	0.786	1556	11669
20	125	BETU.ALL	0.786	1340	8880
20	125	BETU.PAP	0.893	962	5259
20	125	FAGU.GRA	0.081	742	5547
20	125	LARI.LAR	0.838	391	3351
20	125	PICE.GLA	0.692	1587	16129
20	125	PICE.MAR	0.614	1035	12264
20	125	PICE.RUB	0.581	2645	18352
20	125	PINU.BAN	0.893	1806	13870
20	125	PINU.RES	0.786	1436	14710
20	125	PINU.STR	0.737	1126	11075
20	125	POPU.TRE	0.838	1610	10896
20	125	QUER.RUB	0.651	2197	15661
20	125	THUJ.SPP.ALL	0.614	1129	10006
20	125	TSUG.CAN	0.523	832	9584
20	127	ABIE.BAL	0.737	367	2958
20	127	ACER.RUB	0.786	910	8130
20	127	ACER.SAH	0.651	1411	10688
20	127	BETU.ALL	0.692	1230	8725
20	127	BETU.PAP	0.893	860	5248
20	127	FAGU.GRA	0	0	0
20	127	LARI.LAR	0.838	411	3847
20	127	PICE.GLA	0.692	1510	15988
20	127	PICE.MAR	0.614	1091	11948
20	127	PICE.RUB	0.523	2598	17998
20	127	PINU.BAN	0.838	1675	13807
20	127	PINU.RES	0.737	859	11193
20	127	PINU.STR	0.651	1115	9225
20	127	POPU.TRE	0.838	1520	10586
20	127	QUER.RUB	0.498	2311	13953
20	127	THUJ.SPP.ALL	0.551	1373	10407
20	127	TSUG.CAN	0.435	604	8185
20	129	ABIE.BAL	0.786	460	3087
20	129	ACER.RUB	0.786	999	8945
20	129	ACER.SAH	0.692	1414	11287
20	129	BETU.ALL	0.786	1164	8758
20	129	BETU.PAP	0.893	900	5246
20	129	FAGU.GRA	0	0	0
20	129	LARI.LAR	0.838	374	3105
20	129	PICE.GLA	0.692	1629	16745
20	129	PICE.MAR	0.614	1297	12438
20	129	PICE.RUB	0.551	2700	17789
20	129	PINU.BAN	0.838	1809	13902
20	129	PINU.RES	0.737	1252	12910
20	129	PINU.STR	0.737	1020	10370
20	129	POPU.TRE	0.838	1676	10748
20	129	QUER.RUB	0.523	2378	14949
20	129	THUJ.SPP.ALL	0.614	936	9562
20	129	TSUG.CAN	0.498	772	9148
20	133	ABIE.BAL	0.786	466	3008
20	133	ACER.RUB	0.786	1005	8794
20	133	ACER.SAH	0.692	1353	10926
20	133	BETU.ALL	0.786	1149	9157
20	133	BETU.PAP	0.893	891	5268
20	133	FAGU.GRA	0	0	0
20	133	LARI.LAR	0.838	410	3256
20	133	PICE.GLA	0.692	1584	15941
20	133	PICE.MAR	0.614	1046	11813
20	133	PICE.RUB	0.551	2905	18487
20	133	PINU.BAN	0.838	1823	13647
20	133	PINU.RES	0.786	1384	12919
20	133	PINU.STR	0.737	1025	10166
20	133	POPU.TRE	0.838	1687	10496
20	133	QUER.RUB	0.651	3036	15722
20	133	THUJ.SPP.ALL	0.614	1077	9867
20	133	TSUG.CAN	0.498	722	8696
20	134	ABIE.BAL	0.737	402	3076
20	134	ACER.RUB	0.786	839	8405
20	134	ACER.SAH	0.692	1318	11002
20	134	BETU.ALL	0.692	1209	9092
20	134	BETU.PAP	0.893	871	5159
20	134	FAGU.GRA	0	0	0
20	134	LARI.LAR	0.838	421	3288
20	134	PICE.GLA	0.692	1560	16282
20	134	PICE.MAR	0.614	1252	12381
20	134	PICE.RUB	0.523	2316	17323
20	134	PINU.BAN	0.838	1700	13837
20	134	PINU.RES	0.219	735	11692
20	134	PINU.STR	0.476	1011	9585
20	134	POPU.TRE	0.838	1573	10747
20	134	QUER.RUB	0.498	3030	13908
20	134	THUJ.SPP.ALL	0.551	1026	9415
20	134	TSUG.CAN	0.401	627	7882
50	53	ABIE.BAL	0.692	680	3069
50	53	ACER.RUB	0.786	1171	9102
50	53	ACER.SAH	0.737	1504	10936
50	53	BETU.ALL	0.786	1200	9210
50	53	BETU.PAP	0.944	739	5257
50	53	FAGU.GRA	0.523	727	9825
50	53	LARI.LAR	0.786	455	2895
50	53	PICE.GLA	0.737	1443	16128
50	53	PICE.MAR	0.651	1098	12177
50	53	PICE.RUB	0.581	3366	18936
50	53	PINU.BAN	0.893	1796	13906
50	53	PINU.RES	0.838	1646	15106
50	53	PINU.STR	0.737	1410	11404
50	53	POPU.TRE	0.838	1538	10771
50	53	QUER.RUB	0.692	1859	16149
50	53	THUJ.SPP.ALL	0.614	916	9653
50	53	TSUG.CAN	0.523	918	9423
50	54	ABIE.BAL	0.737	549	2798
50	54	ACER.RUB	0.786	1171	8908
50	54	ACER.SAH	0.737	1454	9847
50	54	BETU.ALL	0.786	1186	9007
50	54	BETU.PAP	0.944	805	5202
50	54	FAGU.GRA	0.523	700	10845
50	54	LARI.LAR	0.786	432	2684
50	54	PICE.GLA	0.737	1488	16313
50	54	PICE.MAR	0.651	1229	11202
50	54	PICE.RUB	0.581	4847	18568
50	54	PINU.BAN	0.893	1792	13836
50	54	PINU.RES	0.838	1682	15808
50	54	PINU.STR	0.737	1431	11968
50	54	POPU.TRE	0.838	1318	10675
50	54	QUER.RUB	0.737	2414	15331
50	54	THUJ.SPP.ALL	0.614	992	9615
50	54	TSUG.CAN	0.581	743	9893
50	59	ABIE.BAL	0.786	601	3056
50	59	ACER.RUB	0.786	1197	9077
50	59	ACER.SAH	0.786	1335	11414
50	59	BETU.ALL	0.786	1190	9411
50	59	BETU.PAP	0.944	836	5280
50	59	FAGU.GRA	0.581	947	11588
50	59	LARI.LAR	0.838	432	2982
50	59	PICE.GLA	0.737	1516	16327
50	59	PICE.MAR	0.581	1210	12520
50	59	PICE.RUB	0.581	3450	18638
50	59	PINU.BAN	0.893	1784	13641
50	59	PINU.RES	0.838	1726	15443
50	59	PINU.STR	0.737	1466	11644
50	59	POPU.TRE	0.838	1506	10902
50	59	QUER.RUB	0.737	2260	16861
50	59	THUJ.SPP.ALL	0.651	889	9695
50	59	TSUG.CAN	0.581	870	9970
50	60	ABIE.BAL	0.786	660	3092
50	60	ACER.RUB	0.786	1212	9262
50	60	ACER.SAH	0.786	1576	11700
50	60	BETU.ALL	0.786	1175	8871
50	60	BETU.PAP	0.944	779	5356
50	60	FAGU.GRA	0.651	1140	12401
50	60	LARI.LAR	0.893	528	3187
50	60	PICE.GLA	0.737	1546	16338
50	60	PICE.MAR	0.651	1327	12143
50	60	PICE.RUB	0.614	4225	18921
50	60	PINU.BAN	0.944	1690	14113
50	60	PINU.RES	0.838	1792	15397
50	60	PINU.STR	0.737	1500	11804
50	60	POPU.TRE	0.838	1425	10928
50	60	QUER.RUB	0.737	1708	17951
50	60	THUJ.SPP.ALL	0.651	970	9775
50	60	TSUG.CAN	0.581	886	9929
50	63	ABIE.BAL	0.737	506	2950
50	63	ACER.RUB	0.786	1200	8769
50	63	ACER.SAH	0.692	1429	11554
50	63	BETU.ALL	0.737	1275	8958
50	63	BETU.PAP	0.944	817	5269
50	63	FAGU.GRA	0.498	1247	9900
50	63	LARI.LAR	0.786	484	2908
50	63	PICE.GLA	0.692	1510	16303
50	63	PICE.MAR	0.614	1241	11523
50	63	PICE.RUB	0.581	3050	18175
50	63	PINU.BAN	0.786	1882	13657
50	63	PINU.RES	0.786	1548	14635
50	63	PINU.STR	0.737	1304	11612
50	63	POPU.TRE	0.786	1621	10589
50	63	QUER.RUB	0.692	2040	15372
50	63	THUJ.SPP.ALL	0.614	908	9597
50	63	TSUG.CAN	0.523	797	9502
50	71	ABIE.BAL	0.786	949	2910
50	71	ACER.RUB	0.786	1249	8915
50	71	ACER.SAH	0.786	1111	9787
50	71	BETU.ALL	0.786	1134	9181
50	71	BETU.PAP	0.944	750	5278
50	71	FAGU.GRA	0.581	1089	11933
50	71	LARI.LAR	0.786	509	2962
50	71	PICE.GLA	0.737	1406	16223
50	71	PICE.MAR	0.651	1245	10938
50	71	PICE.RUB	0.581	3555	19706
50	71	PINU.BAN	0.893	1836	13832
50	71	PINU.RES	0.838	1798	15554
50	71	PINU.STR	0.737	1491	11971
50	71	POPU.TRE	0.838	1468	10805
50	71	QUER.RUB	0.737	2237	15572
50	71	THUJ.SPP.ALL	0.651	1067	10308
50	71	TSUG.CAN	0.581	836	10245
50	99	ABIE.BAL	0.786	1056	2971
50	99	ACER.RUB	0.786	1165	9102
50	99	ACER.SAH	0.786	1278	11872
50	99	BETU.ALL	0.786	1169	9244
50	99	BETU.PAP	0.944	766	5289
50	99	FAGU.GRA	0.581	1074	11669
50	99	LARI.LAR	0.893	552	3420
50	99	PICE.GLA	0.737	1421	15946
50	99	PICE.MAR	0.651	1435	11904
50	99	PICE.RUB	0.581	3307	18066
50	99	PINU.BAN	0.893	1824	13928
50	99	PINU.RES	0.838	1803	15880
50	99	PINU.STR	0.737	1442	12164
50	99	POPU.TRE	0.838	1413	10999
50	99	QUER.RUB	0.737	2340	16124
50	99	THUJ.SPP.ALL	0.651	1164	10260
50	99	TSUG.CAN	0.581	908	9852
50	118	ABIE.BAL	0.786	715	2836
50	118	ACER.RUB	0.786	1104	9153
50	118	ACER.SAH	0.786	1364	9427
50	118	BETU.ALL	0.786	1040	9242
50	118	BETU.PAP	0.944	702	5166
50	118	FAGU.GRA	0.651	1190	13540
50	118	LARI.LAR	0.893	587	2913
50	118	PICE.GLA	0.737	1352	16233
50	118	PICE.MAR	0.614	1690	10753
50	118	PICE.RUB	0.651	5544	19879
50	118	PINU.BAN	0.944	1687	13996
50	118	PINU.RES	0.737	1896	15321
50	118	PINU.STR	0.737	1559	12331
50	118	POPU.TRE	0.893	1392	10691
50	118	QUER.RUB	0.737	3264	16283
50	118	THUJ.SPP.ALL	0.651	1073	10246
50	118	TSUG.CAN	0.581	940	10359
50	119	ABIE.BAL	0.786	602	2994
50	119	ACER.RUB	0.786	1252	9210
50	119	ACER.SAH	0.786	1838	12069
50	119	BETU.ALL	0.786	1097	8925
50	119	BETU.PAP	0.944	719	5307
50	119	FAGU.GRA	0.651	1338	13976
50	119	LARI.LAR	0.893	562	3287
50	119	PICE.GLA	0.692	1466	16085
50	119	PICE.MAR	0.614	1306	11322
50	119	PICE.RUB	0.651	3788	19045
50	119	PINU.BAN	0.893	1823	14027
50	119	PINU.RES	0.737	1992	15974
50	119	PINU.STR	0.737	1648	12506
50	119	POPU.TRE	0.944	1382	10894
50	119	QUER.RUB	0.737	2390	18025
50	119	THUJ.SPP.ALL	0.651	1094	10045
50	119	TSUG.CAN	0.581	885	10541
50	120	ABIE.BAL	0.786	560	3061
50	120	ACER.RUB	0.786	1331	9454
50	120	ACER.SAH	0.786	1316	12385
50	120	BETU.ALL	0.786	1249	9451
50	120	BETU.PAP	0.944	779	5331
50	120	FAGU.GRA	0.651	1337	13965
50	120	LARI.LAR	0.893	594	3209
50	120	PICE.GLA	0.692	1562	16255
50	120	PICE.MAR	0.614	1942	12206
50	120	PICE.RUB	0.614	4214	19298
50	120	PINU.BAN	0.893	1831	14010
50	120	PINU.RES	0.737	2032	15740
50	120	PINU.STR	0.737	1666	12270
50	120	POPU.TRE	0.944	1408	10966
50	120	QUER.RUB	0.737	2205	18606
50	120	THUJ.SPP.ALL	0.651	969	9716
50	120	TSUG.CAN	0.581	1016	10665
50	121	ABIE.BAL	0.786	577	3004
50	121	ACER.RUB	0.786	1253	9358
50	121	ACER.SAH	0.786	1319	11810
50	121	BETU.ALL	0.786	1192	8936
50	121	BETU.PAP	0.944	802	5334
50	121	FAGU.GRA	0.651	1206	13874
50	121	LARI.LAR	0.893	636	3320
50	121	PICE.GLA	0.692	1500	16222
50	121	PICE.MAR	0.614	1239	12281
50	121	PICE.RUB	0.651	3991	19518
50	121	PINU.BAN	0.944	1775	13991
50	121	PINU.RES	0.737	2025	16124
50	121	PINU.STR	0.737	1641	12133
50	121	POPU.TRE	0.893	1487	11084
50	121	QUER.RUB	0.737	1725	19406
50	121	THUJ.SPP.ALL	0.651	1018	9853
50	121	TSUG.CAN	0.581	1007	10207
50	122	ABIE.BAL	0.786	674	3088
50	122	ACER.RUB	0.893	1263	9480
50	122	ACER.SAH	0.786	1185	12105
50	122	BETU.ALL	0.786	1278	9586
50	122	BETU.PAP	0.944	822	5316
50	122	FAGU.GRA	0.692	1416	14929
50	122	LARI.LAR	0.893	579	3531
50	122	PICE.GLA	0.692	1397	16821
50	122	PICE.MAR	0.614	1459	11911
50	122	PICE.RUB	0.651	2806	18656
50	122	PINU.BAN	0.838	1886	14033
50	122	PINU.RES	0.737	2044	15881
50	122	PINU.STR	0.786	1586	12247
50	122	POPU.TRE	0.944	1500	10940
50	122	QUER.RUB	0.737	2008	19334
50	122	THUJ.SPP.ALL	0.651	1155	10315
50	122	TSUG.CAN	0.581	1084	10940
50	125	ABIE.BAL	0.786	573	3039
50	125	ACER.RUB	0.893	1192	9288
50	125	ACER.SAH	0.786	1420	11967
50	125	BETU.ALL	0.786	1122	9443
50	125	BETU.PAP	0.944	712	5353
50	125	FAGU.GRA	0.692	1394	15196
50	125	LARI.LAR	0.893	529	3356
50	125	PICE.GLA	0.692	1482	16252
50	125	PICE.MAR	0.614	1372	11755
50	125	PICE.RUB	0.651	5655	18795
50	125	PINU.BAN	0.838	1885	13948
50	125	PINU.RES	0.737	2011	16019
50	125	PINU.STR	0.786	1577	12398
50	125	POPU.TRE	0.944	1305	10976
50	125	QUER.RUB	0.737	1625	20074
50	125	THUJ.SPP.ALL	0.651	1153	10316
50	125	TSUG.CAN	0.581	1049	10785
50	127	ABIE.BAL	0.786	544	2957
50	127	ACER.RUB	0.786	1238	9230
50	127	ACER.SAH	0.786	1104	10895
50	127	BETU.ALL	0.786	1148	9087
50	127	BETU.PAP	0.944	799	5264
50	127	FAGU.GRA	0.581	1168	12294
50	127	LARI.LAR	0.893	523	3762
50	127	PICE.GLA	0.737	1471	16389
50	127	PICE.MAR	0.614	1124	11620
50	127	PICE.RUB	0.614	4506	18910
50	127	PINU.BAN	0.893	1722	13990
50	127	PINU.RES	0.838	1818	15977
50	127	PINU.STR	0.737	1498	11950
50	127	POPU.TRE	0.838	1408	10814
50	127	QUER.RUB	0.737	1956	17146
50	127	THUJ.SPP.ALL	0.651	1465	10686
50	127	TSUG.CAN	0.581	938	10286
50	129	ABIE.BAL	0.786	719	2999
50	129	ACER.RUB	0.786	1262	9515
50	129	ACER.SAH	0.786	1774	11833
50	129	BETU.ALL	0.786	1230	9240
50	129	BETU.PAP	0.944	790	5331
50	129	FAGU.GRA	0.651	1213	13686
50	129	LARI.LAR	0.893	643	3183
50	129	PICE.GLA	0.692	1518	16316
50	129	PICE.MAR	0.614	1506	11761
50	129	PICE.RUB	0.651	4660	18925
50	129	PINU.BAN	0.944	1708	13977
50	129	PINU.RES	0.737	1974	15518
50	129	PINU.STR	0.737	1603	12094
50	129	POPU.TRE	0.893	1455	10911
50	129	QUER.RUB	0.737	1538	19381
50	129	THUJ.SPP.ALL	0.651	952	9719
50	129	TSUG.CAN	0.581	954	10375
50	133	ABIE.BAL	0.786	516	2953
50	133	ACER.RUB	0.786	1234	9522
50	133	ACER.SAH	0.786	1222	10839
50	133	BETU.ALL	0.786	1160	8820
50	133	BETU.PAP	0.944	745	5371
50	133	FAGU.GRA	0.651	1190	14046
50	133	LARI.LAR	0.893	636	3193
50	133	PICE.GLA	0.692	1487	16242
50	133	PICE.MAR	0.614	1358	11587
50	133	PICE.RUB	0.651	4107	18509
50	133	PINU.BAN	0.944	1734	13839
50	133	PINU.RES	0.737	2051	15973
50	133	PINU.STR	0.737	1629	12329
50	133	POPU.TRE	0.893	1436	10757
50	133	QUER.RUB	0.737	2025	18243
50	133	THUJ.SPP.ALL	0.651	1107	9976
50	133	TSUG.CAN	0.581	1031	10470
50	134	ABIE.BAL	0.786	571	3064
50	134	ACER.RUB	0.786	1180	9237
50	134	ACER.SAH	0.786	1859	12253
50	134	BETU.ALL	0.786	1109	9190
50	134	BETU.PAP	0.944	771	5347
50	134	FAGU.GRA	0.581	1131	12692
50	134	LARI.LAR	0.786	527	3322
50	134	PICE.GLA	0.737	1512	16724
50	134	PICE.MAR	0.651	1300	11828
50	134	PICE.RUB	0.614	2987	18875
50	134	PINU.BAN	0.893	1753	13920
50	134	PINU.RES	0.838	1795	15345
50	134	PINU.STR	0.737	1476	12402
50	134	POPU.TRE	0.838	1408	11015
50	134	QUER.RUB	0.737	1471	18266
50	134	THUJ.SPP.ALL	0.651	1052	9957
50	134	TSUG.CAN	0.581	887	10195
80	53	ABIE.BAL	0.786	418	2880
80	53	ACER.RUB	0.838	1370	9060
80	53	ACER.SAH	0.737	1969	10286
80	53	BETU.ALL	0.737	1294	9179
80	53	BETU.PAP	0.944	854	5099
80	53	FAGU.GRA	0.651	1302	14005
80	53	LARI.LAR	0.737	493	2810
80	53	PICE.GLA	0.692	1576	15733
80	53	PICE.MAR	0.581	932	11369
80	53	PICE.RUB	0.581	3842	17769
80	53	PINU.BAN	0.838	1898	13861
80	53	PINU.RES	0.786	1810	15452
80	53	PINU.STR	0.786	1519	12395
80	53	POPU.TRE	0.944	1681	10853
80	53	QUER.RUB	0.692	1594	18158
80	53	THUJ.SPP.ALL	0.651	915	9617
80	53	TSUG.CAN	0.614	947	10010
80	54	ABIE.BAL	0.651	502	2732
80	54	ACER.RUB	0.944	1319	8874
80	54	ACER.SAH	0.581	1183	10037
80	54	BETU.ALL	0.737	1320	8773
80	54	BETU.PAP	0.893	884	5143
80	54	FAGU.GRA	0.651	1316	14095
80	54	LARI.LAR	0.737	348	2560
80	54	PICE.GLA	0.692	1647	15395
80	54	PICE.MAR	0.581	1076	10056
80	54	PICE.RUB	0.581	2219	17061
80	54	PINU.BAN	0.838	1842	13841
80	54	PINU.RES	0.786	1835	15523
80	54	PINU.STR	0.786	1478	12259
80	54	POPU.TRE	0.944	1641	10509
80	54	QUER.RUB	0.692	1506	16210
80	54	THUJ.SPP.ALL	0.651	973	9487
80	54	TSUG.CAN	0.614	974	10262
80	59	ABIE.BAL	0.786	536	2968
80	59	ACER.RUB	0.944	1362	9192
80	59	ACER.SAH	0.737	1631	11538
80	59	BETU.ALL	0.737	1402	9114
80	59	BETU.PAP	0.893	915	5157
80	59	FAGU.GRA	0.651	1456	14576
80	59	LARI.LAR	0.786	393	2829
80	59	PICE.GLA	0.692	1592	16117
80	59	PICE.MAR	0.581	1061	11234
80	59	PICE.RUB	0.581	3362	17427
80	59	PINU.BAN	0.838	1884	13800
80	59	PINU.RES	0.786	1788	15326
80	59	PINU.STR	0.786	1549	12349
80	59	POPU.TRE	0.944	1709	10867
80	59	QUER.RUB	0.692	1771	18827
80	59	THUJ.SPP.ALL	0.614	930	9569
80	59	TSUG.CAN	0.614	990	10293
80	60	ABIE.BAL	0.692	473	2919
80	60	ACER.RUB	0.944	1388	9273
80	60	ACER.SAH	0.786	1212	11409
80	60	BETU.ALL	0.737	1491	9143
80	60	BETU.PAP	0.838	936	5294
80	60	FAGU.GRA	0.737	1527	15042
80	60	LARI.LAR	0.786	441	2957
80	60	PICE.GLA	0.692	1639	15971
80	60	PICE.MAR	0.614	1154	11089
80	60	PICE.RUB	0.551	3521	18036
80	60	PINU.BAN	0.838	1963	13914
80	60	PINU.RES	0.786	1803	15094
80	60	PINU.STR	0.838	1543	12645
80	60	POPU.TRE	0.944	1670	10891
80	60	QUER.RUB	0.737	1832	18395
80	60	THUJ.SPP.ALL	0.614	1048	9863
80	60	TSUG.CAN	0.614	1122	10665
80	63	ABIE.BAL	0.651	545	2959
80	63	ACER.RUB	0.838	1292	8994
80	63	ACER.SAH	0.737	1583	10798
80	63	BETU.ALL	0.786	1245	9031
80	63	BETU.PAP	0.944	866	5247
80	63	FAGU.GRA	0.581	1145	12908
80	63	LARI.LAR	0.786	382	2819
80	63	PICE.GLA	0.692	1606	15877
80	63	PICE.MAR	0.551	1016	11429
80	63	PICE.RUB	0.551	2812	19158
80	63	PINU.BAN	0.893	1797	13829
80	63	PINU.RES	0.838	1788	15400
80	63	PINU.STR	0.786	1434	12273
80	63	POPU.TRE	0.944	1604	10757
80	63	QUER.RUB	0.651	1746	17340
80	63	THUJ.SPP.ALL	0.651	936	9719
80	63	TSUG.CAN	0.581	952	9913
80	71	ABIE.BAL	0.692	525	2739
80	71	ACER.RUB	0.944	1322	8991
80	71	ACER.SAH	0.737	1146	10386
80	71	BETU.ALL	0.737	1328	8900
80	71	BETU.PAP	0.893	861	5156
80	71	FAGU.GRA	0.737	1425	14552
80	71	LARI.LAR	0.737	409	2642
80	71	PICE.GLA	0.692	1632	15855
80	71	PICE.MAR	0.581	1047	10370
80	71	PICE.RUB	0.551	3013	17967
80	71	PINU.BAN	0.838	1921	14034
80	71	PINU.RES	0.786	1800	15143
80	71	PINU.STR	0.786	1537	12489
80	71	POPU.TRE	0.944	1573	10729
80	71	QUER.RUB	0.692	1543	16144
80	71	THUJ.SPP.ALL	0.614	1140	10143
80	71	TSUG.CAN	0.614	970	10170
80	99	ABIE.BAL	0.692	481	2904
80	99	ACER.RUB	0.944	1328	9202
80	99	ACER.SAH	0.737	1602	9929
80	99	BETU.ALL	0.737	1312	9024
80	99	BETU.PAP	0.893	874	5182
80	99	FAGU.GRA	0.737	1371	14350
80	99	LARI.LAR	0.786	508	3181
80	99	PICE.GLA	0.692	1610	15946
80	99	PICE.MAR	0.614	1062	11149
80	99	PICE.RUB	0.551	2832	18150
80	99	PINU.BAN	0.838	1926	13787
80	99	PINU.RES	0.786	1771	15535
80	99	PINU.STR	0.786	1559	12509
80	99	POPU.TRE	0.944	1678	10819
80	99	QUER.RUB	0.692	1464	18578
80	99	THUJ.SPP.ALL	0.614	1261	10264
80	99	TSUG.CAN	0.614	1029	10292
80	118	ABIE.BAL	0.551	377	2739
80	118	ACER.RUB	0.944	1261	9256
80	118	ACER.SAH	0.651	1459	9783
80	118	BETU.ALL	0.737	1452	8810
80	118	BETU.PAP	0.893	847	5146
80	118	FAGU.GRA	0.786	1534	15146
80	118	LARI.LAR	0.838	401	2695
80	118	PICE.GLA	0.692	1604	15697
80	118	PICE.MAR	0.581	1216	9599
80	118	PICE.RUB	0.614	4826	17773
80	118	PINU.BAN	0.838	1927	13853
80	118	PINU.RES	0.737	1770	15188
80	118	PINU.STR	0.838	1520	12802
80	118	POPU.TRE	0.944	1591	10619
80	118	QUER.RUB	0.651	3171	16128
80	118	THUJ.SPP.ALL	0.614	1186	9946
80	118	TSUG.CAN	0.614	1021	10020
80	119	ABIE.BAL	0.737	425	2764
80	119	ACER.RUB	0.944	1366	9209
80	119	ACER.SAH	0.786	1003	9776
80	119	BETU.ALL	0.737	1329	8692
80	119	BETU.PAP	0.893	898	5246
80	119	FAGU.GRA	0.786	1588	15866
80	119	LARI.LAR	0.737	393	2741
80	119	PICE.GLA	0.692	1505	16468
80	119	PICE.MAR	0.551	935	10655
80	119	PICE.RUB	0.551	2660	17903
80	119	PINU.BAN	0.838	1911	13924
80	119	PINU.RES	0.786	1648	14721
80	119	PINU.STR	0.838	1599	12631
80	119	POPU.TRE	0.944	1603	10973
80	119	QUER.RUB	0.692	1695	18479
80	119	THUJ.SPP.ALL	0.614	1142	10019
80	119	TSUG.CAN	0.651	1035	10359
80	120	ABIE.BAL	0.737	717	2899
80	120	ACER.RUB	0.944	1366	9439
80	120	ACER.SAH	0.692	1350	11340
80	120	BETU.ALL	0.737	1406	8984
80	120	BETU.PAP	0.893	914	5274
80	120	FAGU.GRA	0.786	1664	16053
80	120	LARI.LAR	0.786	368	2965
80	120	PICE.GLA	0.692	1658	15968
80	120	PICE.MAR	0.551	1281	11193
80	120	PICE.RUB	0.614	3594	18470
80	120	PINU.BAN	0.838	1947	13855
80	120	PINU.RES	0.786	1684	15059
80	120	PINU.STR	0.838	1637	12520
80	120	POPU.TRE	0.944	1707	10889
80	120	QUER.RUB	0.786	1661	19063
80	120	THUJ.SPP.ALL	0.614	1078	10044
80	120	TSUG.CAN	0.651	1039	10476
80	121	ABIE.BAL	0.737	462	2783
80	121	ACER.RUB	0.944	1463	9519
80	121	ACER.SAH	0.786	1363	11257
80	121	BETU.ALL	0.737	1459	9505
80	121	BETU.PAP	0.893	895	5213
80	121	FAGU.GRA	0.786	1688	15238
80	121	LARI.LAR	0.838	441	2962
80	121	PICE.GLA	0.692	1629	16106
80	121	PICE.MAR	0.614	1058	10798
80	121	PICE.RUB	0.614	3402	18084
80	121	PINU.BAN	0.838	1934	13848
80	121	PINU.RES	0.737	1797	14742
80	121	PINU.STR	0.838	1621	12715
80	121	POPU.TRE	0.944	1610	10918
80	121	QUER.RUB	0.692	2147	19575
80	121	THUJ.SPP.ALL	0.614	1053	9685
80	121	TSUG.CAN	0.614	1070	10158
80	122	ABIE.BAL	0.737	478	2906
80	122	ACER.RUB	0.944	1430	9200
80	122	ACER.SAH	0.737	1586	11612
80	122	BETU.ALL	0.737	1415	8895
80	122	BETU.PAP	0.893	903	5189
80	122	FAGU.GRA	0.786	1739	15886
80	122	LARI.LAR	0.838	431	2998
80	122	PICE.GLA	0.692	1616	15980
80	122	PICE.MAR	0.614	1203	11098
80	122	PICE.RUB	0.614	4051	17990
80	122	PINU.BAN	0.838	1889	13662
80	122	PINU.RES	0.786	1591	14237
80	122	PINU.STR	0.838	1647	12492
80	122	POPU.TRE	0.893	1612	10962
80	122	QUER.RUB	0.786	2112	19253
80	122	THUJ.SPP.ALL	0.614	1186	10115
80	122	TSUG.CAN	0.651	1011	10548
80	125	ABIE.BAL	0.692	528	2860
80	125	ACER.RUB	0.944	1431	9417
80	125	ACER.SAH	0.692	1418	10191
80	125	BETU.ALL	0.737	1450	9230
80	125	BETU.PAP	0.893	891	5257
80	125	FAGU.GRA	0.786	1736	16307
80	125	LARI.LAR	0.838	453	3020
80	125	PICE.GLA	0.692	1611	16171
80	125	PICE.MAR	0.581	1049	10869
80	125	PICE.RUB	0.581	2704	18431
80	125	PINU.BAN	0.838	1899	13947
80	125	PINU.RES	0.786	1575	14860
80	125	PINU.STR	0.838	1653	12154
80	125	POPU.TRE	0.893	1638	10921
80	125	QUER.RUB	0.737	2006	19005
80	125	THUJ.SPP.ALL	0.614	1191	10060
80	125	TSUG.CAN	0.651	1140	10781
80	127	ABIE.BAL	0.737	568	2745
80	127	ACER.RUB	0.944	1314	9106
80	127	ACER.SAH	0.651	1194	10055
80	127	BETU.ALL	0.737	1377	8916
80	127	BETU.PAP	0.838	906	5127
80	127	FAGU.GRA	0.737	1430	14755
80	127	LARI.LAR	0.786	425	3514
80	127	PICE.GLA	0.692	1550	16205
80	127	PICE.MAR	0.551	1130	10694
80	127	PICE.RUB	0.614	4440	17909
80	127	PINU.BAN	0.838	1918	13826
80	127	PINU.RES	0.786	1798	15434
80	127	PINU.STR	0.838	1511	12533
80	127	POPU.TRE	0.944	1651	10524
80	127	QUER.RUB	0.692	1794	17476
80	127	THUJ.SPP.ALL	0.614	1456	10958
80	127	TSUG.CAN	0.614	1058	10062
80	129	ABIE.BAL	0.737	436	2836
80	129	ACER.RUB	0.944	1363	9276
80	129	ACER.SAH	0.786	1200	10745
80	129	BETU.ALL	0.737	1459	9075
80	129	BETU.PAP	0.893	894	5293
80	129	FAGU.GRA	0.786	1580	15340
80	129	LARI.LAR	0.838	361	2844
80	129	PICE.GLA	0.692	1579	15938
80	129	PICE.MAR	0.614	909	11271
80	129	PICE.RUB	0.581	3385	18271
80	129	PINU.BAN	0.838	1929	13974
80	129	PINU.RES	0.737	1786	14765
80	129	PINU.STR	0.838	1620	12623
80	129	POPU.TRE	0.944	1722	11049
80	129	QUER.RUB	0.692	1693	19925
80	129	THUJ.SPP.ALL	0.614	990	9765
80	129	TSUG.CAN	0.614	1135	10269
80	133	ABIE.BAL	0.651	520	2777
80	133	ACER.RUB	0.944	1358	9278
80	133	ACER.SAH	0.692	1474	10480
80	133	BETU.ALL	0.737	1446	9048
80	133	BETU.PAP	0.893	901	5194
80	133	FAGU.GRA	0.786	1647	15550
80	133	LARI.LAR	0.838	495	2918
80	133	PICE.GLA	0.692	1564	15850
80	133	PICE.MAR	0.614	1071	10550
80	133	PICE.RUB	0.581	3143	17836
80	133	PINU.BAN	0.838	1912	13701
80	133	PINU.RES	0.737	1761	15069
80	133	PINU.STR	0.838	1606	12432
80	133	POPU.TRE	0.944	1648	10831
80	133	QUER.RUB	0.737	2020	17480
80	133	THUJ.SPP.ALL	0.614	1178	10100
80	133	TSUG.CAN	0.651	1002	10501
80	134	ABIE.BAL	0.692	472	2908
80	134	ACER.RUB	0.944	1391	9289
80	134	ACER.SAH	0.737	1309	11841
80	134	BETU.ALL	0.737	1417	8948
80	134	BETU.PAP	0.838	887	5316
80	134	FAGU.GRA	0.737	1383	14845
80	134	LARI.LAR	0.786	392	2977
80	134	PICE.GLA	0.692	1605	16158
80	134	PICE.MAR	0.581	1103	11140
80	134	PICE.RUB	0.581	3068	17378
80	134	PINU.BAN	0.838	1902	13814
80	134	PINU.RES	0.786	1866	15274
80	134	PINU.STR	0.786	1570	12929
80	134	POPU.TRE	0.944	1588	10672
80	134	QUER.RUB	0.786	1750	18941
80	134	THUJ.SPP.ALL	0.614	1108	10213
80	134	TSUG.CAN	0.614	1040	10177
