LandisData "Dynamic Input Data"

>> WARNING - THIS IS A BIAS-CORRECTED INPUT FILE

>> The following multiplier was applied to all species's original maxB and maxANPP
>>	multiplier
>>	0.643475324

>> The following species' parameters (maxANPP and maxB) have also been modified

>>	species		averageMaxBiomassTarget	finalMultiplier
>>	ABIE.BAL	0.3			1.859746925

>>	year	landtype	species	probEst	maxANPP	maxB

0	67	ABIE.BAL	0.125	521	3706
0	67	ACER.RUB	0.167	811	5923
0	67	ACER.SAH	0.125	932	8204
0	67	BETU.ALL	0.125	770	5625
0	67	BETU.PAP	0.25	485	3329
0	67	FAGU.GRA	0.125	1051	10417
0	67	LARI.LAR	0.167	295	2326
0	67	PICE.GLA	0.111	806	9798
0	67	PICE.MAR	0.1	902	8063
0	67	PICE.RUB	0.091	2345	13024
0	67	PINU.BAN	0.167	1109	8926
0	67	PINU.RES	0.167	1169	9979
0	67	PINU.STR	0.125	924	8026
0	67	POPU.TRE	0.167	920	6921
0	67	QUER.RUB	0.111	1331	13743
0	67	THUJ.SPP.ALL	0.091	657	6239
0	67	TSUG.CAN	0.083	599	6372
0	68	ABIE.BAL	0.125	569	4013
0	68	ACER.RUB	0.167	925	6060
0	68	ACER.SAH	0.125	1151	8683
0	68	BETU.ALL	0.125	937	6253
0	68	BETU.PAP	0.25	543	3575
0	68	FAGU.GRA	0.125	1206	10948
0	68	LARI.LAR	0.167	364	2540
0	68	PICE.GLA	0.125	1031	10942
0	68	PICE.MAR	0.1	784	8798
0	68	PICE.RUB	0.091	1718	13080
0	68	PINU.BAN	0.167	1250	9128
0	68	PINU.RES	0.167	1302	10564
0	68	PINU.STR	0.125	1053	8103
0	68	POPU.TRE	0.167	1102	7304
0	68	QUER.RUB	0.111	1887	14859
0	68	THUJ.SPP.ALL	0.091	716	6643
0	68	TSUG.CAN	0.083	698	7136
0	122	ABIE.BAL	0.125	545	3604
0	122	ACER.RUB	0.143	606	5309
0	122	ACER.SAH	0.111	860	7602
0	122	BETU.ALL	0.125	631	5564
0	122	BETU.PAP	0.167	429	3073
0	122	FAGU.GRA	0.111	795	9917
0	122	LARI.LAR	0.167	290	2233
0	122	PICE.GLA	0.111	598	8298
0	122	PICE.MAR	0.091	682	8054
0	122	PICE.RUB	0.077	2003	11577
0	122	PINU.BAN	0.167	1176	8415
0	122	PINU.RES	0.143	1017	9796
0	122	PINU.STR	0.083	530	6370
0	122	POPU.TRE	0.167	735	6320
0	122	QUER.RUB	0.077	1076	11359
0	122	THUJ.SPP.ALL	0.091	514	5645
0	122	TSUG.CAN	0.059	377	5221
0	123	ABIE.BAL	0.125	523	3409
0	123	ACER.RUB	0.143	555	5080
0	123	ACER.SAH	0.111	784	7372
0	123	BETU.ALL	0.125	613	5469
0	123	BETU.PAP	0.167	413	3004
0	123	FAGU.GRA	0.111	801	9870
0	123	LARI.LAR	0.167	270	1930
0	123	PICE.GLA	0.111	577	8368
0	123	PICE.MAR	0.091	664	7424
0	123	PICE.RUB	0.077	1931	11274
0	123	PINU.BAN	0.167	995	8502
0	123	PINU.RES	0.143	1003	9494
0	123	PINU.STR	0.083	530	6297
0	123	POPU.TRE	0.167	676	6229
0	123	QUER.RUB	0.077	1242	9831
0	123	THUJ.SPP.ALL	0.091	507	5650
0	123	TSUG.CAN	0.062	380	4784
0	124	ABIE.BAL	0.125	495	3733
0	124	ACER.RUB	0.143	696	5651
0	124	ACER.SAH	0.125	871	7648
0	124	BETU.ALL	0.125	725	5997
0	124	BETU.PAP	0.167	475	3155
0	124	FAGU.GRA	0.125	893	10640
0	124	LARI.LAR	0.167	272	2215
0	124	PICE.GLA	0.111	647	9372
0	124	PICE.MAR	0.091	694	8186
0	124	PICE.RUB	0.091	2488	12546
0	124	PINU.BAN	0.167	983	8800
0	124	PINU.RES	0.143	1107	9634
0	124	PINU.STR	0.111	770	7056
0	124	POPU.TRE	0.167	829	6639
0	124	QUER.RUB	0.1	1077	12724
0	124	THUJ.SPP.ALL	0.091	544	6024
0	124	TSUG.CAN	0.071	462	5983
0	125	ABIE.BAL	0.125	485	3760
0	125	ACER.RUB	0.167	871	6134
0	125	ACER.SAH	0.143	1037	8242
0	125	BETU.ALL	0.125	846	6040
0	125	BETU.PAP	0.25	526	3365
0	125	FAGU.GRA	0.125	1142	10668
0	125	LARI.LAR	0.143	286	2206
0	125	PICE.GLA	0.125	914	10564
0	125	PICE.MAR	0.091	756	7934
0	125	PICE.RUB	0.091	1672	12306
0	125	PINU.BAN	0.167	1176	9014
0	125	PINU.RES	0.2	1205	10078
0	125	PINU.STR	0.143	956	8175
0	125	POPU.TRE	0.167	984	6997
0	125	QUER.RUB	0.111	1389	14265
0	125	THUJ.SPP.ALL	0.091	668	6278
0	125	TSUG.CAN	0.083	636	6950
0	126	ABIE.BAL	0.125	497	3448
0	126	ACER.RUB	0.143	658	5363
0	126	ACER.SAH	0.125	669	6658
0	126	BETU.ALL	0.125	667	5383
0	126	BETU.PAP	0.167	404	3084
0	126	FAGU.GRA	0.125	867	10215
0	126	LARI.LAR	0.167	232	1983
0	126	PICE.GLA	0.111	597	8975
0	126	PICE.MAR	0.091	666	7332
0	126	PICE.RUB	0.091	2109	11522
0	126	PINU.BAN	0.167	923	8782
0	126	PINU.RES	0.143	1077	10048
0	126	PINU.STR	0.111	740	7067
0	126	POPU.TRE	0.167	746	6291
0	126	QUER.RUB	0.1	985	11362
0	126	THUJ.SPP.ALL	0.091	527	5801
0	126	TSUG.CAN	0.071	417	5583
0	127	ABIE.BAL	0.125	616	3576
0	127	ACER.RUB	0.143	662	5437
0	127	ACER.SAH	0.125	849	7552
0	127	BETU.ALL	0.125	707	5798
0	127	BETU.PAP	0.167	440	3183
0	127	FAGU.GRA	0.111	917	10350
0	127	LARI.LAR	0.167	272	2102
0	127	PICE.GLA	0.111	661	9005
0	127	PICE.MAR	0.091	707	7781
0	127	PICE.RUB	0.083	2385	12016
0	127	PINU.BAN	0.167	965	8431
0	127	PINU.RES	0.143	1082	9578
0	127	PINU.STR	0.1	726	7026
0	127	POPU.TRE	0.167	803	6564
0	127	QUER.RUB	0.083	1001	11464
0	127	THUJ.SPP.ALL	0.091	533	5664
0	127	TSUG.CAN	0.062	396	5518
0	128	ABIE.BAL	0.125	513	3861
0	128	ACER.RUB	0.143	739	5926
0	128	ACER.SAH	0.125	1000	7999
0	128	BETU.ALL	0.125	763	5792
0	128	BETU.PAP	0.167	509	3274
0	128	FAGU.GRA	0.111	1009	10159
0	128	LARI.LAR	0.167	291	2363
0	128	PICE.GLA	0.111	773	9910
0	128	PICE.MAR	0.091	776	8640
0	128	PICE.RUB	0.091	2338	12623
0	128	PINU.BAN	0.167	1008	8693
0	128	PINU.RES	0.143	1137	9806
0	128	PINU.STR	0.1	848	6977
0	128	POPU.TRE	0.167	894	6713
0	128	QUER.RUB	0.1	1206	13452
0	128	THUJ.SPP.ALL	0.091	553	5917
0	128	TSUG.CAN	0.067	494	5956
0	129	ABIE.BAL	0.125	547	4127
0	129	ACER.RUB	0.143	884	5888
0	129	ACER.SAH	0.125	1162	8886
0	129	BETU.ALL	0.125	944	5925
0	129	BETU.PAP	0.167	606	3442
0	129	FAGU.GRA	0.125	1159	10601
0	129	LARI.LAR	0.167	342	2476
0	129	PICE.GLA	0.111	1047	10910
0	129	PICE.MAR	0.091	842	9200
0	129	PICE.RUB	0.091	2298	12930
0	129	PINU.BAN	0.167	1233	9105
0	129	PINU.RES	0.143	1340	10095
0	129	PINU.STR	0.1	1015	7475
0	129	POPU.TRE	0.167	1105	7179
0	129	QUER.RUB	0.1	1235	14100
0	129	THUJ.SPP.ALL	0.091	626	6380
0	129	TSUG.CAN	0.071	641	6659
0	130	ABIE.BAL	0.125	502	4024
0	130	ACER.RUB	0.143	837	5944
0	130	ACER.SAH	0.125	1016	8382
0	130	BETU.ALL	0.125	812	5932
0	130	BETU.PAP	0.167	553	3403
0	130	FAGU.GRA	0.111	1103	10332
0	130	LARI.LAR	0.167	319	2567
0	130	PICE.GLA	0.111	909	10602
0	130	PICE.MAR	0.091	893	9114
0	130	PICE.RUB	0.091	2631	13296
0	130	PINU.BAN	0.167	1147	8888
0	130	PINU.RES	0.143	1276	9590
0	130	PINU.STR	0.1	905	7529
0	130	POPU.TRE	0.167	1008	7114
0	130	QUER.RUB	0.1	1313	14238
0	130	THUJ.SPP.ALL	0.091	615	6229
0	130	TSUG.CAN	0.067	568	6418
0	131	ABIE.BAL	0.125	519	4216
0	131	ACER.RUB	0.143	911	6182
0	131	ACER.SAH	0.125	1086	8862
0	131	BETU.ALL	0.125	891	6018
0	131	BETU.PAP	0.167	608	3508
0	131	FAGU.GRA	0.111	1170	11043
0	131	LARI.LAR	0.167	353	2610
0	131	PICE.GLA	0.111	1083	10839
0	131	PICE.MAR	0.091	873	9446
0	131	PICE.RUB	0.083	1706	13224
0	131	PINU.BAN	0.167	1244	9118
0	131	PINU.RES	0.143	1355	10315
0	131	PINU.STR	0.1	923	7590
0	131	POPU.TRE	0.167	1136	7349
0	131	QUER.RUB	0.083	1174	14051
0	131	THUJ.SPP.ALL	0.091	636	6585
0	131	TSUG.CAN	0.062	576	6405
0	132	ABIE.BAL	0.125	627	4350
0	132	ACER.RUB	0.143	924	6174
0	132	ACER.SAH	0.125	1250	8922
0	132	BETU.ALL	0.125	952	6312
0	132	BETU.PAP	0.167	647	3494
0	132	FAGU.GRA	0.111	1169	10240
0	132	LARI.LAR	0.167	345	2723
0	132	PICE.GLA	0.111	1076	10610
0	132	PICE.MAR	0.091	905	9873
0	132	PICE.RUB	0.083	1676	13550
0	132	PINU.BAN	0.167	1243	9051
0	132	PINU.RES	0.143	1351	10430
0	132	PINU.STR	0.1	942	7838
0	132	POPU.TRE	0.167	1198	7258
0	132	QUER.RUB	0.1	1534	14747
0	132	THUJ.SPP.ALL	0.091	643	6309
0	132	TSUG.CAN	0.062	589	6534
0	205	ABIE.BAL	0.125	662	3552
0	205	ACER.RUB	0.111	508	4935
0	205	ACER.SAH	0.091	732	6737
0	205	BETU.ALL	0.111	629	5280
0	205	BETU.PAP	0.167	422	3015
0	205	FAGU.GRA	0.111	733	9898
0	205	LARI.LAR	0.143	217	2005
0	205	PICE.GLA	0.111	629	8085
0	205	PICE.MAR	0.091	726	7720
0	205	PICE.RUB	0.071	1703	10922
0	205	PINU.BAN	0.143	856	8314
0	205	PINU.RES	0.125	939	9196
0	205	PINU.STR	0.048	467	4791
0	205	POPU.TRE	0.167	647	6219
0	205	QUER.RUB	0.04	779	8386
0	205	THUJ.SPP.ALL	0.083	471	5240
0	205	TSUG.CAN	0.045	415	4544
0	206	ABIE.BAL	0.125	558	3210
0	206	ACER.RUB	0.1	508	4405
0	206	ACER.SAH	0.091	486	5110
0	206	BETU.ALL	0.111	532	5082
0	206	BETU.PAP	0.167	380	2897
0	206	FAGU.GRA	0.1	662	9166
0	206	LARI.LAR	0.143	257	1708
0	206	PICE.GLA	0.111	680	7359
0	206	PICE.MAR	0.091	668	6821
0	206	PICE.RUB	0.067	1932	10570
0	206	PINU.BAN	0.143	716	7908
0	206	PINU.RES	0.125	948	8772
0	206	PINU.STR	0.043	297	4300
0	206	POPU.TRE	0.143	584	5956
0	206	QUER.RUB	0.029	914	8593
0	206	THUJ.SPP.ALL	0.077	494	5199
0	206	TSUG.CAN	0.042	306	4188
0	207	ABIE.BAL	0.125	696	3364
0	207	ACER.RUB	0.111	498	4811
0	207	ACER.SAH	0.111	586	6034
0	207	BETU.ALL	0.111	606	5460
0	207	BETU.PAP	0.167	401	2915
0	207	FAGU.GRA	0.111	697	9863
0	207	LARI.LAR	0.167	230	1910
0	207	PICE.GLA	0.111	575	7551
0	207	PICE.MAR	0.091	687	7116
0	207	PICE.RUB	0.071	2058	11055
0	207	PINU.BAN	0.167	799	8213
0	207	PINU.RES	0.143	898	9535
0	207	PINU.STR	0.067	635	4968
0	207	POPU.TRE	0.167	604	6083
0	207	QUER.RUB	0.043	1725	8810
0	207	THUJ.SPP.ALL	0.083	485	5408
0	207	TSUG.CAN	0.053	398	4403
0	208	ABIE.BAL	0.125	510	3654
0	208	ACER.RUB	0.111	568	5156
0	208	ACER.SAH	0.111	859	7374
0	208	BETU.ALL	0.111	630	5706
0	208	BETU.PAP	0.167	423	3040
0	208	FAGU.GRA	0.111	797	9592
0	208	LARI.LAR	0.143	253	2213
0	208	PICE.GLA	0.111	580	8587
0	208	PICE.MAR	0.091	716	8063
0	208	PICE.RUB	0.071	1556	11564
0	208	PINU.BAN	0.167	880	8402
0	208	PINU.RES	0.143	1010	9428
0	208	PINU.STR	0.077	534	5454
0	208	POPU.TRE	0.167	711	6478
0	208	QUER.RUB	0.067	1089	9953
0	208	THUJ.SPP.ALL	0.083	478	5791
0	208	TSUG.CAN	0.059	398	4605
0	209	ABIE.BAL	0.125	697	3109
0	209	ACER.RUB	0.1	577	4121
0	209	ACER.SAH	0.083	573	5146
0	209	BETU.ALL	0.111	522	5038
0	209	BETU.PAP	0.167	342	2818
0	209	FAGU.GRA	0.091	580	8924
0	209	LARI.LAR	0.143	223	1600
0	209	PICE.GLA	0.1	579	6821
0	209	PICE.MAR	0.091	603	6661
0	209	PICE.RUB	0.062	1453	10580
0	209	PINU.BAN	0.143	663	7787
0	209	PINU.RES	0.125	772	8828
0	209	PINU.STR	0.04	277	3830
0	209	POPU.TRE	0.143	560	5744
0	209	QUER.RUB	0.009	758	2652
0	209	THUJ.SPP.ALL	0.071	485	4943
0	209	TSUG.CAN	0.042	313	4282
0	210	ABIE.BAL	0.125	599	3362
0	210	ACER.RUB	0.1	645	4212
0	210	ACER.SAH	0.083	506	5465
0	210	BETU.ALL	0.111	542	4952
0	210	BETU.PAP	0.167	375	2838
0	210	FAGU.GRA	0.091	604	9475
0	210	LARI.LAR	0.125	225	1854
0	210	PICE.GLA	0.1	621	7181
0	210	PICE.MAR	0.091	766	7121
0	210	PICE.RUB	0.062	1847	10686
0	210	PINU.BAN	0.143	694	7997
0	210	PINU.RES	0.125	802	8927
0	210	PINU.STR	0.04	340	3907
0	210	POPU.TRE	0.143	587	5960
0	210	QUER.RUB	0.037	850	7036
0	210	THUJ.SPP.ALL	0.071	452	5018
0	210	TSUG.CAN	0.042	318	4132
0	211	ABIE.BAL	0.125	649	3472
0	211	ACER.RUB	0.1	651	4271
0	211	ACER.SAH	0.091	618	6453
0	211	BETU.ALL	0.111	595	5142
0	211	BETU.PAP	0.167	396	2962
0	211	FAGU.GRA	0.091	638	9141
0	211	LARI.LAR	0.143	246	1986
0	211	PICE.GLA	0.1	632	7392
0	211	PICE.MAR	0.091	714	7758
0	211	PICE.RUB	0.062	1990	10577
0	211	PINU.BAN	0.143	728	8083
0	211	PINU.RES	0.125	832	8744
0	211	PINU.STR	0.04	255	3638
0	211	POPU.TRE	0.143	651	6105
0	211	QUER.RUB	0.038	1550	8843
0	211	THUJ.SPP.ALL	0.071	477	5161
0	211	TSUG.CAN	0.042	315	4185
0	212	ABIE.BAL	0.125	515	3852
0	212	ACER.RUB	0.143	767	5753
0	212	ACER.SAH	0.125	992	8501
0	212	BETU.ALL	0.125	764	5915
0	212	BETU.PAP	0.167	530	3418
0	212	FAGU.GRA	0.111	1081	10734
0	212	LARI.LAR	0.167	340	2388
0	212	PICE.GLA	0.111	891	10610
0	212	PICE.MAR	0.091	882	8643
0	212	PICE.RUB	0.083	1759	12956
0	212	PINU.BAN	0.167	1085	8837
0	212	PINU.RES	0.143	1229	9951
0	212	PINU.STR	0.1	837	6871
0	212	POPU.TRE	0.167	1003	6880
0	212	QUER.RUB	0.083	997	12261
0	212	THUJ.SPP.ALL	0.091	561	6181
0	212	TSUG.CAN	0.062	463	5883
0	213	ABIE.BAL	0.125	537	3615
0	213	ACER.RUB	0.143	590	5268
0	213	ACER.SAH	0.111	819	7089
0	213	BETU.ALL	0.125	654	5644
0	213	BETU.PAP	0.167	410	3109
0	213	FAGU.GRA	0.111	824	10468
0	213	LARI.LAR	0.167	276	2111
0	213	PICE.GLA	0.111	628	8502
0	213	PICE.MAR	0.091	731	8054
0	213	PICE.RUB	0.077	1888	11715
0	213	PINU.BAN	0.167	1237	8331
0	213	PINU.RES	0.143	1008	9535
0	213	PINU.STR	0.083	514	5975
0	213	POPU.TRE	0.167	752	6359
0	213	QUER.RUB	0.077	1017	11168
0	213	THUJ.SPP.ALL	0.091	501	5634
0	213	TSUG.CAN	0.062	372	5003
0	214	ABIE.BAL	0.125	508	3301
0	214	ACER.RUB	0.143	717	4917
0	214	ACER.SAH	0.111	751	6627
0	214	BETU.ALL	0.125	567	5526
0	214	BETU.PAP	0.167	394	2948
0	214	FAGU.GRA	0.111	782	9923
0	214	LARI.LAR	0.167	195	1826
0	214	PICE.GLA	0.111	660	8097
0	214	PICE.MAR	0.083	717	6965
0	214	PICE.RUB	0.071	1867	11135
0	214	PINU.BAN	0.167	867	8338
0	214	PINU.RES	0.143	944	9532
0	214	PINU.STR	0.083	525	5724
0	214	POPU.TRE	0.167	634	6098
0	214	QUER.RUB	0.067	1492	9554
0	214	THUJ.SPP.ALL	0.091	507	5428
0	214	TSUG.CAN	0.062	406	4677
0	215	ABIE.BAL	0.125	595	4170
0	215	ACER.RUB	0.143	862	5980
0	215	ACER.SAH	0.125	1127	8261
0	215	BETU.ALL	0.125	908	6347
0	215	BETU.PAP	0.167	609	3540
0	215	FAGU.GRA	0.111	1154	10426
0	215	LARI.LAR	0.167	338	2485
0	215	PICE.GLA	0.111	1046	10696
0	215	PICE.MAR	0.091	861	8986
0	215	PICE.RUB	0.083	1910	12568
0	215	PINU.BAN	0.167	1215	9040
0	215	PINU.RES	0.143	1316	10133
0	215	PINU.STR	0.1	904	7500
0	215	POPU.TRE	0.167	1083	7182
0	215	QUER.RUB	0.083	1027	13642
0	215	THUJ.SPP.ALL	0.091	620	6264
0	215	TSUG.CAN	0.062	536	6083
0	216	ABIE.BAL	0.125	495	3952
0	216	ACER.RUB	0.143	781	5849
0	216	ACER.SAH	0.125	1063	8615
0	216	BETU.ALL	0.125	806	5852
0	216	BETU.PAP	0.167	546	3393
0	216	FAGU.GRA	0.111	1075	10314
0	216	LARI.LAR	0.167	308	2513
0	216	PICE.GLA	0.111	892	10169
0	216	PICE.MAR	0.091	814	8790
0	216	PICE.RUB	0.083	1849	13066
0	216	PINU.BAN	0.167	1071	8935
0	216	PINU.RES	0.143	1216	9650
0	216	PINU.STR	0.1	831	6885
0	216	POPU.TRE	0.167	966	6855
0	216	QUER.RUB	0.083	929	12614
0	216	THUJ.SPP.ALL	0.091	575	5985
0	216	TSUG.CAN	0.062	459	6048
0	217	ABIE.BAL	0.125	519	4173
0	217	ACER.RUB	0.143	775	5863
0	217	ACER.SAH	0.111	1089	8571
0	217	BETU.ALL	0.111	925	5966
0	217	BETU.PAP	0.167	597	3498
0	217	FAGU.GRA	0.111	1086	10072
0	217	LARI.LAR	0.167	308	2543
0	217	PICE.GLA	0.111	980	10932
0	217	PICE.MAR	0.091	826	9348
0	217	PICE.RUB	0.071	1515	12229
0	217	PINU.BAN	0.167	1131	8991
0	217	PINU.RES	0.143	1226	10235
0	217	PINU.STR	0.083	551	6234
0	217	POPU.TRE	0.167	1040	7045
0	217	QUER.RUB	0.067	909	12425
0	217	THUJ.SPP.ALL	0.083	583	6144
0	217	TSUG.CAN	0.059	423	5270
0	218	ABIE.BAL	0.111	619	4019
0	218	ACER.RUB	0.1	914	4840
0	218	ACER.SAH	0.077	830	7482
0	218	BETU.ALL	0.111	756	5643
0	218	BETU.PAP	0.167	539	3345
0	218	FAGU.GRA	0.091	934	10240
0	218	LARI.LAR	0.143	292	2327
0	218	PICE.GLA	0.1	857	9956
0	218	PICE.MAR	0.091	929	8771
0	218	PICE.RUB	0.062	2105	11142
0	218	PINU.BAN	0.143	1002	8444
0	218	PINU.RES	0.125	1107	9410
0	218	PINU.STR	0.037	429	4342
0	218	POPU.TRE	0.143	992	6780
0	218	QUER.RUB	0.018	1336	9772
0	218	THUJ.SPP.ALL	0.071	467	5760
0	218	TSUG.CAN	0.036	405	4574
0	219	ABIE.BAL	0.111	511	3911
0	219	ACER.RUB	0.083	1082	4598
0	219	ACER.SAH	0.077	806	7468
0	219	BETU.ALL	0.111	731	5639
0	219	BETU.PAP	0.167	524	3338
0	219	FAGU.GRA	0.091	876	9725
0	219	LARI.LAR	0.143	295	2371
0	219	PICE.GLA	0.1	791	10171
0	219	PICE.MAR	0.091	873	9029
0	219	PICE.RUB	0.062	1819	11304
0	219	PINU.BAN	0.143	956	8491
0	219	PINU.RES	0.125	1047	9277
0	219	PINU.STR	0	0	0
0	219	POPU.TRE	0.143	922	6830
0	219	QUER.RUB	0.037	1272	7960
0	219	THUJ.SPP.ALL	0.071	458	5683
0	219	TSUG.CAN	0.029	496	5027
0	220	ABIE.BAL	0.125	497	4026
0	220	ACER.RUB	0.111	585	5354
0	220	ACER.SAH	0.091	874	7816
0	220	BETU.ALL	0.111	784	5610
0	220	BETU.PAP	0.167	536	3374
0	220	FAGU.GRA	0.1	922	10017
0	220	LARI.LAR	0.143	246	2373
0	220	PICE.GLA	0.1	840	9706
0	220	PICE.MAR	0.091	905	8827
0	220	PICE.RUB	0.062	1416	11775
0	220	PINU.BAN	0.143	1060	8607
0	220	PINU.RES	0.125	1152	9787
0	220	PINU.STR	0.04	454	4751
0	220	POPU.TRE	0.143	988	6815
0	220	QUER.RUB	0.038	861	8747
0	220	THUJ.SPP.ALL	0.077	514	5751
0	220	TSUG.CAN	0.045	406	4443
0	221	ABIE.BAL	0.125	595	4222
0	221	ACER.RUB	0.143	773	5839
0	221	ACER.SAH	0.111	1024	8805
0	221	BETU.ALL	0.111	954	6125
0	221	BETU.PAP	0.167	624	3549
0	221	FAGU.GRA	0.111	1125	10317
0	221	LARI.LAR	0.167	338	2656
0	221	PICE.GLA	0.111	1008	10803
0	221	PICE.MAR	0.091	956	9417
0	221	PICE.RUB	0.071	1434	12775
0	221	PINU.BAN	0.167	1176	8948
0	221	PINU.RES	0.143	1262	10011
0	221	PINU.STR	0.083	569	6452
0	221	POPU.TRE	0.167	1100	7094
0	221	QUER.RUB	0.067	881	12426
0	221	THUJ.SPP.ALL	0.083	655	6333
0	221	TSUG.CAN	0.059	435	5571
0	226	ABIE.BAL	0.125	552	4080
0	226	ACER.RUB	0.143	878	6017
0	226	ACER.SAH	0.125	1122	8614
0	226	BETU.ALL	0.125	931	6007
0	226	BETU.PAP	0.167	622	3477
0	226	FAGU.GRA	0.111	1183	10935
0	226	LARI.LAR	0.167	295	2596
0	226	PICE.GLA	0.111	1064	10690
0	226	PICE.MAR	0.091	929	9037
0	226	PICE.RUB	0.083	2145	12734
0	226	PINU.BAN	0.167	1216	8974
0	226	PINU.RES	0.143	1346	10274
0	226	PINU.STR	0.1	986	7336
0	226	POPU.TRE	0.167	1048	7238
0	226	QUER.RUB	0.1	1183	13549
0	226	THUJ.SPP.ALL	0.091	661	6377
0	226	TSUG.CAN	0.067	604	6390
0	227	ABIE.BAL	0.125	485	3688
0	227	ACER.RUB	0.143	719	5622
0	227	ACER.SAH	0.125	982	8019
0	227	BETU.ALL	0.125	733	5684
0	227	BETU.PAP	0.167	492	3205
0	227	FAGU.GRA	0.111	972	10317
0	227	LARI.LAR	0.167	279	2238
0	227	PICE.GLA	0.111	710	9556
0	227	PICE.MAR	0.091	752	8195
0	227	PICE.RUB	0.083	2192	12276
0	227	PINU.BAN	0.167	994	8695
0	227	PINU.RES	0.143	1145	10030
0	227	PINU.STR	0.1	802	7148
0	227	POPU.TRE	0.167	886	6623
0	227	QUER.RUB	0.091	930	12247
0	227	THUJ.SPP.ALL	0.091	530	6141
0	227	TSUG.CAN	0.062	416	5702
0	296	ABIE.BAL	0.1	638	3288
0	296	ACER.RUB	0.1	432	4664
0	296	ACER.SAH	0.091	636	5199
0	296	BETU.ALL	0.111	590	5168
0	296	BETU.PAP	0.167	371	2906
0	296	FAGU.GRA	0.1	676	9230
0	296	LARI.LAR	0.143	237	1741
0	296	PICE.GLA	0.111	570	7971
0	296	PICE.MAR	0.091	761	6984
0	296	PICE.RUB	0.067	2111	10548
0	296	PINU.BAN	0.143	751	7994
0	296	PINU.RES	0.125	847	8922
0	296	PINU.STR	0.048	522	4269
0	296	POPU.TRE	0.167	625	6076
0	296	QUER.RUB	0.037	1093	7969
0	296	THUJ.SPP.ALL	0.071	462	5147
0	296	TSUG.CAN	0.045	456	4329
0	297	ABIE.BAL	0.125	528	3606
0	297	ACER.RUB	0.1	704	4798
0	297	ACER.SAH	0.077	852	6857
0	297	BETU.ALL	0.111	663	5458
0	297	BETU.PAP	0.167	414	3106
0	297	FAGU.GRA	0.1	745	9694
0	297	LARI.LAR	0.143	261	2021
0	297	PICE.GLA	0.111	634	8285
0	297	PICE.MAR	0.091	802	7760
0	297	PICE.RUB	0.067	1692	11012
0	297	PINU.BAN	0.143	829	8105
0	297	PINU.RES	0.125	932	9321
0	297	PINU.STR	0.043	451	4623
0	297	POPU.TRE	0.167	699	6294
0	297	QUER.RUB	0.04	878	8159
0	297	THUJ.SPP.ALL	0.077	485	5253
0	297	TSUG.CAN	0.045	445	4196
21	67	ABIE.BAL	0.143	1002	3351
21	67	ACER.RUB	0.167	729	5858
21	67	ACER.SAH	0.143	819	6681
21	67	BETU.ALL	0.143	716	5690
21	67	BETU.PAP	0.2	481	3192
21	67	FAGU.GRA	0.125	1036	10683
21	67	LARI.LAR	0.143	288	1849
21	67	PICE.GLA	0.111	696	9120
21	67	PICE.MAR	0.083	806	6706
21	67	PICE.RUB	0.091	2700	11779
21	67	PINU.BAN	0.2	934	8740
21	67	PINU.RES	0.2	1028	9899
21	67	PINU.STR	0.143	875	7671
21	67	POPU.TRE	0.2	771	6722
21	67	QUER.RUB	0.111	1189	13223
21	67	THUJ.SPP.ALL	0.091	621	6125
21	67	TSUG.CAN	0.091	518	6368
21	68	ABIE.BAL	0.111	882	3684
21	68	ACER.RUB	0.167	936	6078
21	68	ACER.SAH	0.143	959	7285
21	68	BETU.ALL	0.143	799	5755
21	68	BETU.PAP	0.2	580	3334
21	68	FAGU.GRA	0.125	1186	10891
21	68	LARI.LAR	0.2	450	2111
21	68	PICE.GLA	0.111	900	10682
21	68	PICE.MAR	0.083	838	7361
21	68	PICE.RUB	0.091	3845	12602
21	68	PINU.BAN	0.2	1138	8869
21	68	PINU.RES	0.2	1161	10147
21	68	PINU.STR	0.143	1032	8137
21	68	POPU.TRE	0.2	1082	6908
21	68	QUER.RUB	0.143	1268	15125
21	68	THUJ.SPP.ALL	0.091	664	6414
21	68	TSUG.CAN	0.091	635	6928
21	122	ABIE.BAL	0.125	854	3379
21	122	ACER.RUB	0.167	567	5450
21	122	ACER.SAH	0.125	716	6906
21	122	BETU.ALL	0.125	667	5575
21	122	BETU.PAP	0.2	399	2949
21	122	FAGU.GRA	0.125	830	10087
21	122	LARI.LAR	0.143	276	2008
21	122	PICE.GLA	0.111	604	8392
21	122	PICE.MAR	0.091	868	7264
21	122	PICE.RUB	0.077	3021	12003
21	122	PINU.BAN	0.167	873	8579
21	122	PINU.RES	0.167	958	9945
21	122	PINU.STR	0.143	717	7464
21	122	POPU.TRE	0.167	660	6317
21	122	QUER.RUB	0.111	1121	12620
21	122	THUJ.SPP.ALL	0.091	557	5775
21	122	TSUG.CAN	0.083	471	5838
21	123	ABIE.BAL	0.125	688	3005
21	123	ACER.RUB	0.167	502	5370
21	123	ACER.SAH	0.125	608	5888
21	123	BETU.ALL	0.125	584	5222
21	123	BETU.PAP	0.2	342	2892
21	123	FAGU.GRA	0.125	759	10686
21	123	LARI.LAR	0.143	199	1601
21	123	PICE.GLA	0.111	680	8238
21	123	PICE.MAR	0.091	571	6208
21	123	PICE.RUB	0.091	2623	11530
21	123	PINU.BAN	0.167	837	8357
21	123	PINU.RES	0.167	923	9485
21	123	PINU.STR	0.143	677	7377
21	123	POPU.TRE	0.167	622	6065
21	123	QUER.RUB	0.111	2054	10546
21	123	THUJ.SPP.ALL	0.091	542	5726
21	123	TSUG.CAN	0.083	478	5439
21	124	ABIE.BAL	0.125	790	3338
21	124	ACER.RUB	0.167	671	5583
21	124	ACER.SAH	0.125	858	7098
21	124	BETU.ALL	0.125	691	5755
21	124	BETU.PAP	0.25	439	3088
21	124	FAGU.GRA	0.125	894	10119
21	124	LARI.LAR	0.167	338	1869
21	124	PICE.GLA	0.111	691	8655
21	124	PICE.MAR	0.091	817	6894
21	124	PICE.RUB	0.083	3764	12016
21	124	PINU.BAN	0.2	864	8523
21	124	PINU.RES	0.143	1011	9576
21	124	PINU.STR	0.143	784	8032
21	124	POPU.TRE	0.167	707	6482
21	124	QUER.RUB	0.143	1045	12781
21	124	THUJ.SPP.ALL	0.091	565	5875
21	124	TSUG.CAN	0.083	517	5979
21	125	ABIE.BAL	0.111	554	3362
21	125	ACER.RUB	0.2	863	5946
21	125	ACER.SAH	0.125	921	6897
21	125	BETU.ALL	0.143	757	5874
21	125	BETU.PAP	0.2	499	3227
21	125	FAGU.GRA	0.125	1124	10499
21	125	LARI.LAR	0.143	232	1773
21	125	PICE.GLA	0.111	829	9797
21	125	PICE.MAR	0.091	595	6746
21	125	PICE.RUB	0.083	2382	11470
21	125	PINU.BAN	0.2	1029	8776
21	125	PINU.RES	0.167	1109	10283
21	125	PINU.STR	0.143	987	8258
21	125	POPU.TRE	0.2	910	6812
21	125	QUER.RUB	0.143	1204	13212
21	125	THUJ.SPP.ALL	0.091	634	6287
21	125	TSUG.CAN	0.091	598	6801
21	126	ABIE.BAL	0.125	666	3000
21	126	ACER.RUB	0.167	588	5383
21	126	ACER.SAH	0.125	1130	5761
21	126	BETU.ALL	0.125	642	5428
21	126	BETU.PAP	0.25	378	2953
21	126	FAGU.GRA	0.125	845	10130
21	126	LARI.LAR	0.167	193	1549
21	126	PICE.GLA	0.111	631	7899
21	126	PICE.MAR	0.083	571	6137
21	126	PICE.RUB	0.083	2293	11503
21	126	PINU.BAN	0.2	826	8586
21	126	PINU.RES	0.143	946	9615
21	126	PINU.STR	0.143	734	7498
21	126	POPU.TRE	0.167	578	6121
21	126	QUER.RUB	0.111	1854	11048
21	126	THUJ.SPP.ALL	0.091	557	5716
21	126	TSUG.CAN	0.083	494	5897
21	127	ABIE.BAL	0.125	627	3284
21	127	ACER.RUB	0.167	637	5506
21	127	ACER.SAH	0.125	781	6236
21	127	BETU.ALL	0.125	665	5556
21	127	BETU.PAP	0.2	408	3005
21	127	FAGU.GRA	0.125	876	10995
21	127	LARI.LAR	0.167	300	1690
21	127	PICE.GLA	0.111	696	8934
21	127	PICE.MAR	0.091	685	6679
21	127	PICE.RUB	0.083	2955	11631
21	127	PINU.BAN	0.167	911	8617
21	127	PINU.RES	0.167	961	9518
21	127	PINU.STR	0.143	762	7769
21	127	POPU.TRE	0.167	687	6310
21	127	QUER.RUB	0.111	1129	11207
21	127	THUJ.SPP.ALL	0.091	562	5840
21	127	TSUG.CAN	0.083	499	5817
21	128	ABIE.BAL	0.125	831	3535
21	128	ACER.RUB	0.167	735	5762
21	128	ACER.SAH	0.125	914	7256
21	128	BETU.ALL	0.125	773	5725
21	128	BETU.PAP	0.25	472	3193
21	128	FAGU.GRA	0.125	982	10064
21	128	LARI.LAR	0.167	364	2050
21	128	PICE.GLA	0.111	732	9303
21	128	PICE.MAR	0.091	997	7169
21	128	PICE.RUB	0.083	2860	11841
21	128	PINU.BAN	0.167	959	8617
21	128	PINU.RES	0.167	1015	9711
21	128	PINU.STR	0.143	850	7863
21	128	POPU.TRE	0.167	788	6598
21	128	QUER.RUB	0.143	1125	12991
21	128	THUJ.SPP.ALL	0.091	599	5798
21	128	TSUG.CAN	0.083	562	6590
21	129	ABIE.BAL	0.125	725	3794
21	129	ACER.RUB	0.167	936	5948
21	129	ACER.SAH	0.125	1306	8179
21	129	BETU.ALL	0.125	860	5907
21	129	BETU.PAP	0.25	566	3365
21	129	FAGU.GRA	0.125	1206	10926
21	129	LARI.LAR	0.167	477	2163
21	129	PICE.GLA	0.111	873	10694
21	129	PICE.MAR	0.083	1001	7701
21	129	PICE.RUB	0.091	4445	13305
21	129	PINU.BAN	0.2	1142	9057
21	129	PINU.RES	0.143	1276	10178
21	129	PINU.STR	0.143	1024	7803
21	129	POPU.TRE	0.167	1059	6928
21	129	QUER.RUB	0.111	1138	14539
21	129	THUJ.SPP.ALL	0.091	651	6332
21	129	TSUG.CAN	0.083	629	7064
21	130	ABIE.BAL	0.125	800	3827
21	130	ACER.RUB	0.167	877	5966
21	130	ACER.SAH	0.125	984	8347
21	130	BETU.ALL	0.125	853	5895
21	130	BETU.PAP	0.25	539	3292
21	130	FAGU.GRA	0.125	1089	10144
21	130	LARI.LAR	0.167	418	2250
21	130	PICE.GLA	0.111	806	10221
21	130	PICE.MAR	0.083	891	7908
21	130	PICE.RUB	0.091	3074	12658
21	130	PINU.BAN	0.167	1165	9038
21	130	PINU.RES	0.143	1230	10316
21	130	PINU.STR	0.143	952	8092
21	130	POPU.TRE	0.167	955	7015
21	130	QUER.RUB	0.111	1082	14290
21	130	THUJ.SPP.ALL	0.091	641	6213
21	130	TSUG.CAN	0.083	591	6603
21	131	ABIE.BAL	0.125	841	3985
21	131	ACER.RUB	0.167	880	6323
21	131	ACER.SAH	0.125	1231	8973
21	131	BETU.ALL	0.125	949	6169
21	131	BETU.PAP	0.2	612	3441
21	131	FAGU.GRA	0.125	1232	10768
21	131	LARI.LAR	0.167	501	2322
21	131	PICE.GLA	0.111	957	11003
21	131	PICE.MAR	0.1	1434	7976
21	131	PICE.RUB	0.091	2610	13306
21	131	PINU.BAN	0.167	1231	9091
21	131	PINU.RES	0.167	1267	10135
21	131	PINU.STR	0.143	1038	8347
21	131	POPU.TRE	0.167	1115	6995
21	131	QUER.RUB	0.111	1114	14637
21	131	THUJ.SPP.ALL	0.091	681	6440
21	131	TSUG.CAN	0.083	706	7087
21	132	ABIE.BAL	0.125	495	4147
21	132	ACER.RUB	0.167	971	6248
21	132	ACER.SAH	0.125	1027	8842
21	132	BETU.ALL	0.125	1012	6339
21	132	BETU.PAP	0.2	616	3618
21	132	FAGU.GRA	0.125	1246	10570
21	132	LARI.LAR	0.167	363	2530
21	132	PICE.GLA	0.111	1001	10919
21	132	PICE.MAR	0.1	1057	8904
21	132	PICE.RUB	0.091	2919	13615
21	132	PINU.BAN	0.167	1244	9092
21	132	PINU.RES	0.167	1291	10362
21	132	PINU.STR	0.143	1053	8359
21	132	POPU.TRE	0.167	1193	7237
21	132	QUER.RUB	0.111	1306	15547
21	132	THUJ.SPP.ALL	0.091	694	6502
21	132	TSUG.CAN	0.083	726	6974
21	205	ABIE.BAL	0.111	772	3401
21	205	ACER.RUB	0.143	565	5323
21	205	ACER.SAH	0.1	698	6610
21	205	BETU.ALL	0.125	618	5242
21	205	BETU.PAP	0.167	389	3002
21	205	FAGU.GRA	0.111	798	10176
21	205	LARI.LAR	0.125	282	1951
21	205	PICE.GLA	0.111	588	8305
21	205	PICE.MAR	0.083	772	7134
21	205	PICE.RUB	0.083	2459	11466
21	205	PINU.BAN	0.167	838	8422
21	205	PINU.RES	0.143	957	9366
21	205	PINU.STR	0.125	683	6937
21	205	POPU.TRE	0.167	611	6127
21	205	QUER.RUB	0.091	1639	11581
21	205	THUJ.SPP.ALL	0.091	539	5683
21	205	TSUG.CAN	0.071	431	5618
21	206	ABIE.BAL	0.125	683	3139
21	206	ACER.RUB	0.125	494	5035
21	206	ACER.SAH	0.1	1613	5417
21	206	BETU.ALL	0.125	494	5504
21	206	BETU.PAP	0.167	333	2910
21	206	FAGU.GRA	0.111	743	9763
21	206	LARI.LAR	0.125	174	1493
21	206	PICE.GLA	0.111	624	7433
21	206	PICE.MAR	0.083	519	6083
21	206	PICE.RUB	0.077	2017	10949
21	206	PINU.BAN	0.167	769	8128
21	206	PINU.RES	0.143	891	9254
21	206	PINU.STR	0.125	624	6579
21	206	POPU.TRE	0.167	622	5905
21	206	QUER.RUB	0.083	1566	9855
21	206	THUJ.SPP.ALL	0.091	546	5389
21	206	TSUG.CAN	0.067	387	5072
21	207	ABIE.BAL	0.111	444	3111
21	207	ACER.RUB	0.167	503	5112
21	207	ACER.SAH	0.1	1249	5626
21	207	BETU.ALL	0.125	533	5400
21	207	BETU.PAP	0.167	321	2961
21	207	FAGU.GRA	0.111	793	9588
21	207	LARI.LAR	0.143	240	1713
21	207	PICE.GLA	0.111	643	7567
21	207	PICE.MAR	0.091	581	6545
21	207	PICE.RUB	0.077	1835	11294
21	207	PINU.BAN	0.167	1130	8357
21	207	PINU.RES	0.143	920	9391
21	207	PINU.STR	0.143	660	7029
21	207	POPU.TRE	0.167	607	5953
21	207	QUER.RUB	0.091	2401	10397
21	207	THUJ.SPP.ALL	0.091	548	5356
21	207	TSUG.CAN	0.077	416	5257
21	208	ABIE.BAL	0.125	749	3517
21	208	ACER.RUB	0.167	590	5427
21	208	ACER.SAH	0.1	796	6681
21	208	BETU.ALL	0.125	655	5616
21	208	BETU.PAP	0.2	389	3112
21	208	FAGU.GRA	0.111	852	10207
21	208	LARI.LAR	0.167	270	2013
21	208	PICE.GLA	0.111	636	8455
21	208	PICE.MAR	0.091	891	7127
21	208	PICE.RUB	0.077	2947	11720
21	208	PINU.BAN	0.167	883	8611
21	208	PINU.RES	0.143	989	9543
21	208	PINU.STR	0.143	718	7217
21	208	POPU.TRE	0.167	638	6322
21	208	QUER.RUB	0.1	1149	12506
21	208	THUJ.SPP.ALL	0.091	539	5734
21	208	TSUG.CAN	0.083	458	5649
21	209	ABIE.BAL	0.111	471	3059
21	209	ACER.RUB	0.125	463	4873
21	209	ACER.SAH	0.1	1338	5452
21	209	BETU.ALL	0.125	508	5174
21	209	BETU.PAP	0.167	312	2747
21	209	FAGU.GRA	0.111	721	9400
21	209	LARI.LAR	0.125	187	1389
21	209	PICE.GLA	0.111	701	7222
21	209	PICE.MAR	0.083	575	6296
21	209	PICE.RUB	0.077	1792	11510
21	209	PINU.BAN	0.167	683	8250
21	209	PINU.RES	0.143	846	8917
21	209	PINU.STR	0.125	614	6078
21	209	POPU.TRE	0.167	591	5793
21	209	QUER.RUB	0.083	1792	9522
21	209	THUJ.SPP.ALL	0.091	539	5260
21	209	TSUG.CAN	0.067	436	5139
21	210	ABIE.BAL	0.125	569	3184
21	210	ACER.RUB	0.125	504	4975
21	210	ACER.SAH	0.1	765	5968
21	210	BETU.ALL	0.125	576	5269
21	210	BETU.PAP	0.167	328	2878
21	210	FAGU.GRA	0.111	710	9848
21	210	LARI.LAR	0.125	204	1707
21	210	PICE.GLA	0.111	620	7511
21	210	PICE.MAR	0.083	620	6652
21	210	PICE.RUB	0.077	2160	11232
21	210	PINU.BAN	0.167	754	8219
21	210	PINU.RES	0.143	951	8911
21	210	PINU.STR	0.111	590	6052
21	210	POPU.TRE	0.167	558	5964
21	210	QUER.RUB	0.083	2549	10019
21	210	THUJ.SPP.ALL	0.091	544	5276
21	210	TSUG.CAN	0.067	373	4981
21	211	ABIE.BAL	0.111	718	3454
21	211	ACER.RUB	0.125	593	5105
21	211	ACER.SAH	0.111	772	6868
21	211	BETU.ALL	0.125	563	5381
21	211	BETU.PAP	0.167	371	2989
21	211	FAGU.GRA	0.111	756	9428
21	211	LARI.LAR	0.167	282	1929
21	211	PICE.GLA	0.111	582	7747
21	211	PICE.MAR	0.083	789	7128
21	211	PICE.RUB	0.083	2566	11444
21	211	PINU.BAN	0.167	796	8323
21	211	PINU.RES	0.143	906	9028
21	211	PINU.STR	0.125	643	6255
21	211	POPU.TRE	0.167	582	6131
21	211	QUER.RUB	0.083	1854	11210
21	211	THUJ.SPP.ALL	0.091	535	5449
21	211	TSUG.CAN	0.067	375	5224
21	212	ABIE.BAL	0.125	811	3731
21	212	ACER.RUB	0.167	828	5833
21	212	ACER.SAH	0.125	1031	8220
21	212	BETU.ALL	0.125	836	5957
21	212	BETU.PAP	0.2	525	3288
21	212	FAGU.GRA	0.125	1035	10801
21	212	LARI.LAR	0.143	354	2019
21	212	PICE.GLA	0.111	797	9803
21	212	PICE.MAR	0.091	765	7529
21	212	PICE.RUB	0.083	3271	12478
21	212	PINU.BAN	0.167	1098	8775
21	212	PINU.RES	0.167	1146	9920
21	212	PINU.STR	0.143	918	8025
21	212	POPU.TRE	0.167	845	6782
21	212	QUER.RUB	0.111	1079	13734
21	212	THUJ.SPP.ALL	0.091	593	6174
21	212	TSUG.CAN	0.083	589	6773
21	213	ABIE.BAL	0.111	807	3426
21	213	ACER.RUB	0.167	595	5544
21	213	ACER.SAH	0.111	742	7083
21	213	BETU.ALL	0.125	659	5636
21	213	BETU.PAP	0.2	387	3050
21	213	FAGU.GRA	0.125	848	10749
21	213	LARI.LAR	0.167	213	1945
21	213	PICE.GLA	0.111	620	8223
21	213	PICE.MAR	0.091	739	7173
21	213	PICE.RUB	0.077	3126	11646
21	213	PINU.BAN	0.167	855	8531
21	213	PINU.RES	0.143	998	9395
21	213	PINU.STR	0.143	714	7174
21	213	POPU.TRE	0.167	639	6345
21	213	QUER.RUB	0.111	1105	12451
21	213	THUJ.SPP.ALL	0.091	535	5836
21	213	TSUG.CAN	0.083	492	5948
21	214	ABIE.BAL	0.111	536	3089
21	214	ACER.RUB	0.167	514	5085
21	214	ACER.SAH	0.111	2413	5658
21	214	BETU.ALL	0.125	601	5489
21	214	BETU.PAP	0.2	349	2960
21	214	FAGU.GRA	0.125	791	10003
21	214	LARI.LAR	0.143	190	1530
21	214	PICE.GLA	0.111	674	7859
21	214	PICE.MAR	0.091	635	6184
21	214	PICE.RUB	0.077	1892	11297
21	214	PINU.BAN	0.167	792	8393
21	214	PINU.RES	0.143	898	9478
21	214	PINU.STR	0.143	682	7440
21	214	POPU.TRE	0.167	607	6013
21	214	QUER.RUB	0.111	2811	10124
21	214	THUJ.SPP.ALL	0.091	556	5457
21	214	TSUG.CAN	0.083	548	5725
21	215	ABIE.BAL	0.125	643	3852
21	215	ACER.RUB	0.167	921	6180
21	215	ACER.SAH	0.125	1243	8438
21	215	BETU.ALL	0.125	962	5927
21	215	BETU.PAP	0.2	586	3448
21	215	FAGU.GRA	0.125	1208	11034
21	215	LARI.LAR	0.143	403	2273
21	215	PICE.GLA	0.111	974	10521
21	215	PICE.MAR	0.091	1172	8081
21	215	PICE.RUB	0.091	3311	13010
21	215	PINU.BAN	0.167	1233	8993
21	215	PINU.RES	0.167	1268	10353
21	215	PINU.STR	0.143	997	8141
21	215	POPU.TRE	0.167	1071	6992
21	215	QUER.RUB	0.125	1259	14637
21	215	THUJ.SPP.ALL	0.091	660	6282
21	215	TSUG.CAN	0.083	618	6839
21	216	ABIE.BAL	0.125	870	3785
21	216	ACER.RUB	0.167	808	6002
21	216	ACER.SAH	0.125	947	7644
21	216	BETU.ALL	0.125	840	6053
21	216	BETU.PAP	0.2	525	3307
21	216	FAGU.GRA	0.125	1035	10599
21	216	LARI.LAR	0.167	325	2150
21	216	PICE.GLA	0.111	840	9959
21	216	PICE.MAR	0.091	1005	7812
21	216	PICE.RUB	0.083	2881	12929
21	216	PINU.BAN	0.167	1087	9022
21	216	PINU.RES	0.167	1177	10124
21	216	PINU.STR	0.143	916	8051
21	216	POPU.TRE	0.167	922	6799
21	216	QUER.RUB	0.111	1084	13960
21	216	THUJ.SPP.ALL	0.091	602	6103
21	216	TSUG.CAN	0.083	570	6501
21	217	ABIE.BAL	0.125	465	3993
21	217	ACER.RUB	0.167	865	6231
21	217	ACER.SAH	0.125	1015	8578
21	217	BETU.ALL	0.125	963	6128
21	217	BETU.PAP	0.167	598	3433
21	217	FAGU.GRA	0.111	1183	10554
21	217	LARI.LAR	0.143	379	2416
21	217	PICE.GLA	0.111	976	10939
21	217	PICE.MAR	0.091	1040	8873
21	217	PICE.RUB	0.091	1930	13655
21	217	PINU.BAN	0.167	1210	8945
21	217	PINU.RES	0.143	1303	10132
21	217	PINU.STR	0.143	940	8040
21	217	POPU.TRE	0.167	1139	7155
21	217	QUER.RUB	0.125	1179	14214
21	217	THUJ.SPP.ALL	0.091	638	6226
21	217	TSUG.CAN	0.083	622	6849
21	218	ABIE.BAL	0.111	614	3870
21	218	ACER.RUB	0.125	786	5752
21	218	ACER.SAH	0.111	981	8029
21	218	BETU.ALL	0.111	882	5721
21	218	BETU.PAP	0.167	577	3270
21	218	FAGU.GRA	0.111	1058	10381
21	218	LARI.LAR	0.125	279	2217
21	218	PICE.GLA	0.111	900	10419
21	218	PICE.MAR	0.091	938	8551
21	218	PICE.RUB	0.077	2721	12622
21	218	PINU.BAN	0.167	1083	8701
21	218	PINU.RES	0.143	1194	9926
21	218	PINU.STR	0.1	818	7089
21	218	POPU.TRE	0.167	995	6804
21	218	QUER.RUB	0.083	1689	11168
21	218	THUJ.SPP.ALL	0.083	541	6065
21	218	TSUG.CAN	0.067	444	5838
21	219	ABIE.BAL	0.125	521	3974
21	219	ACER.RUB	0.125	752	5591
21	219	ACER.SAH	0.111	1100	8504
21	219	BETU.ALL	0.111	823	5892
21	219	BETU.PAP	0.167	539	3419
21	219	FAGU.GRA	0.111	1017	10969
21	219	LARI.LAR	0.125	306	2379
21	219	PICE.GLA	0.111	829	10075
21	219	PICE.MAR	0.091	870	8732
21	219	PICE.RUB	0.077	2161	12778
21	219	PINU.BAN	0.167	1021	8836
21	219	PINU.RES	0.143	1158	9849
21	219	PINU.STR	0.1	768	6735
21	219	POPU.TRE	0.167	972	6915
21	219	QUER.RUB	0.077	1033	12152
21	219	THUJ.SPP.ALL	0.083	537	5900
21	219	TSUG.CAN	0.067	432	5823
21	220	ABIE.BAL	0.111	536	3905
21	220	ACER.RUB	0.143	759	5852
21	220	ACER.SAH	0.1	1001	8605
21	220	BETU.ALL	0.125	819	6033
21	220	BETU.PAP	0.167	534	3306
21	220	FAGU.GRA	0.111	1064	10334
21	220	LARI.LAR	0.167	333	2365
21	220	PICE.GLA	0.111	862	10460
21	220	PICE.MAR	0.091	911	8343
21	220	PICE.RUB	0.083	3022	12957
21	220	PINU.BAN	0.167	1129	8877
21	220	PINU.RES	0.143	1217	9901
21	220	PINU.STR	0.125	849	7549
21	220	POPU.TRE	0.167	985	6919
21	220	QUER.RUB	0.091	1035	13180
21	220	THUJ.SPP.ALL	0.091	595	6291
21	220	TSUG.CAN	0.067	516	5906
21	221	ABIE.BAL	0.125	565	4043
21	221	ACER.RUB	0.167	909	6050
21	221	ACER.SAH	0.125	1066	9009
21	221	BETU.ALL	0.125	1006	5974
21	221	BETU.PAP	0.167	646	3511
21	221	FAGU.GRA	0.111	1235	10687
21	221	LARI.LAR	0.167	378	2579
21	221	PICE.GLA	0.111	1000	10353
21	221	PICE.MAR	0.091	948	8826
21	221	PICE.RUB	0.091	2042	13100
21	221	PINU.BAN	0.167	1246	9027
21	221	PINU.RES	0.143	1340	10264
21	221	PINU.STR	0.143	982	7988
21	221	POPU.TRE	0.167	1181	7170
21	221	QUER.RUB	0.125	1242	14597
21	221	THUJ.SPP.ALL	0.091	702	6430
21	221	TSUG.CAN	0.083	627	7000
21	226	ABIE.BAL	0.125	820	3829
21	226	ACER.RUB	0.167	934	6104
21	226	ACER.SAH	0.125	1003	8522
21	226	BETU.ALL	0.125	951	6024
21	226	BETU.PAP	0.25	585	3394
21	226	FAGU.GRA	0.125	1241	10846
21	226	LARI.LAR	0.167	430	2186
21	226	PICE.GLA	0.111	896	10732
21	226	PICE.MAR	0.1	1079	7817
21	226	PICE.RUB	0.091	2769	12527
21	226	PINU.BAN	0.167	1220	9041
21	226	PINU.RES	0.167	1244	10206
21	226	PINU.STR	0.143	1040	8060
21	226	POPU.TRE	0.167	1065	6995
21	226	QUER.RUB	0.111	1134	14138
21	226	THUJ.SPP.ALL	0.091	656	6575
21	226	TSUG.CAN	0.083	642	6754
21	227	ABIE.BAL	0.125	798	3362
21	227	ACER.RUB	0.167	655	5665
21	227	ACER.SAH	0.125	990	6987
21	227	BETU.ALL	0.125	681	5656
21	227	BETU.PAP	0.2	468	3115
21	227	FAGU.GRA	0.125	943	10303
21	227	LARI.LAR	0.167	286	1824
21	227	PICE.GLA	0.111	696	9202
21	227	PICE.MAR	0.091	1151	6857
21	227	PICE.RUB	0.083	3643	12074
21	227	PINU.BAN	0.167	956	8742
21	227	PINU.RES	0.167	1004	10003
21	227	PINU.STR	0.143	831	7684
21	227	POPU.TRE	0.167	748	6414
21	227	QUER.RUB	0.111	1329	12949
21	227	THUJ.SPP.ALL	0.091	560	5751
21	227	TSUG.CAN	0.083	520	6244
21	296	ABIE.BAL	0.111	833	3171
21	296	ACER.RUB	0.125	535	5181
21	296	ACER.SAH	0.1	1864	5596
21	296	BETU.ALL	0.125	607	5302
21	296	BETU.PAP	0.167	403	2990
21	296	FAGU.GRA	0.111	788	9603
21	296	LARI.LAR	0.125	250	1636
21	296	PICE.GLA	0.111	613	8327
21	296	PICE.MAR	0.083	642	6522
21	296	PICE.RUB	0.077	2111	11324
21	296	PINU.BAN	0.167	792	8291
21	296	PINU.RES	0.143	905	9291
21	296	PINU.STR	0.125	670	6594
21	296	POPU.TRE	0.167	578	6065
21	296	QUER.RUB	0.083	1834	10009
21	296	THUJ.SPP.ALL	0.091	535	5428
21	296	TSUG.CAN	0.067	367	5409
21	297	ABIE.BAL	0.111	844	3627
21	297	ACER.RUB	0.143	611	5461
21	297	ACER.SAH	0.1	981	7709
21	297	BETU.ALL	0.125	667	5683
21	297	BETU.PAP	0.167	447	3075
21	297	FAGU.GRA	0.111	862	10079
21	297	LARI.LAR	0.167	297	1924
21	297	PICE.GLA	0.111	616	8727
21	297	PICE.MAR	0.091	896	7488
21	297	PICE.RUB	0.077	2510	12428
21	297	PINU.BAN	0.167	856	8368
21	297	PINU.RES	0.143	981	9303
21	297	PINU.STR	0.125	723	7065
21	297	POPU.TRE	0.167	685	6323
21	297	QUER.RUB	0.091	1241	11426
21	297	THUJ.SPP.ALL	0.091	519	5547
21	297	TSUG.CAN	0.067	424	5712
51	67	ABIE.BAL	0.125	604	3305
51	67	ACER.RUB	0.25	809	5740
51	67	ACER.SAH	0.125	927	7744
51	67	BETU.ALL	0.125	757	5572
51	67	BETU.PAP	0.167	474	3152
51	67	FAGU.GRA	0.143	1042	10353
51	67	LARI.LAR	0.167	306	1871
51	67	PICE.GLA	0.111	670	9464
51	67	PICE.MAR	0.091	746	6544
51	67	PICE.RUB	0.091	2270	11453
51	67	PINU.BAN	0.167	978	8659
51	67	PINU.RES	0.143	1081	9762
51	67	PINU.STR	0.167	888	7830
51	67	POPU.TRE	0.2	877	6792
51	67	QUER.RUB	0.143	954	14923
51	67	THUJ.SPP.ALL	0.091	629	6213
51	67	TSUG.CAN	0.091	584	6435
51	68	ABIE.BAL	0.125	506	3597
51	68	ACER.RUB	0.25	936	6024
51	68	ACER.SAH	0.125	946	7982
51	68	BETU.ALL	0.125	889	5661
51	68	BETU.PAP	0.167	591	3341
51	68	FAGU.GRA	0.143	1207	10401
51	68	LARI.LAR	0.167	287	2156
51	68	PICE.GLA	0.111	861	10183
51	68	PICE.MAR	0.091	1010	7357
51	68	PICE.RUB	0.091	2744	11924
51	68	PINU.BAN	0.167	1128	8834
51	68	PINU.RES	0.143	1217	10259
51	68	PINU.STR	0.167	1048	8220
51	68	POPU.TRE	0.2	1070	7068
51	68	QUER.RUB	0.143	1548	14561
51	68	THUJ.SPP.ALL	0.091	672	6365
51	68	TSUG.CAN	0.091	658	6982
51	122	ABIE.BAL	0.143	677	3468
51	122	ACER.RUB	0.2	655	5536
51	122	ACER.SAH	0.111	868	7177
51	122	BETU.ALL	0.143	654	5591
51	122	BETU.PAP	0.2	430	3042
51	122	FAGU.GRA	0.125	849	10917
51	122	LARI.LAR	0.167	272	2013
51	122	PICE.GLA	0.111	582	8491
51	122	PICE.MAR	0.091	701	6935
51	122	PICE.RUB	0.091	2609	11908
51	122	PINU.BAN	0.2	869	8560
51	122	PINU.RES	0.2	990	9671
51	122	PINU.STR	0.143	757	7505
51	122	POPU.TRE	0.2	717	6403
51	122	QUER.RUB	0.143	1064	13379
51	122	THUJ.SPP.ALL	0.091	557	5849
51	122	TSUG.CAN	0.091	499	6149
51	123	ABIE.BAL	0.143	731	3113
51	123	ACER.RUB	0.2	629	5613
51	123	ACER.SAH	0.111	1523	5576
51	123	BETU.ALL	0.143	595	5658
51	123	BETU.PAP	0.2	391	2943
51	123	FAGU.GRA	0.125	802	10487
51	123	LARI.LAR	0.167	301	1568
51	123	PICE.GLA	0.111	589	7865
51	123	PICE.MAR	0.091	881	5955
51	123	PICE.RUB	0.091	3565	12442
51	123	PINU.BAN	0.2	819	8553
51	123	PINU.RES	0.2	970	9384
51	123	PINU.STR	0.143	720	7676
51	123	POPU.TRE	0.2	611	6033
51	123	QUER.RUB	0.143	1543	10736
51	123	THUJ.SPP.ALL	0.091	535	5769
51	123	TSUG.CAN	0.091	519	5730
51	124	ABIE.BAL	0.143	670	3431
51	124	ACER.RUB	0.2	759	5640
51	124	ACER.SAH	0.143	967	7213
51	124	BETU.ALL	0.125	751	5513
51	124	BETU.PAP	0.2	459	3152
51	124	FAGU.GRA	0.125	934	10326
51	124	LARI.LAR	0.167	326	1876
51	124	PICE.GLA	0.111	633	8854
51	124	PICE.MAR	0.091	814	6929
51	124	PICE.RUB	0.091	3275	11794
51	124	PINU.BAN	0.167	926	8590
51	124	PINU.RES	0.143	1033	9654
51	124	PINU.STR	0.143	839	8014
51	124	POPU.TRE	0.2	811	6476
51	124	QUER.RUB	0.143	983	14703
51	124	THUJ.SPP.ALL	0.091	555	5894
51	124	TSUG.CAN	0.091	525	6599
51	125	ABIE.BAL	0.125	610	3329
51	125	ACER.RUB	0.25	900	6115
51	125	ACER.SAH	0.125	639	6517
51	125	BETU.ALL	0.125	779	5905
51	125	BETU.PAP	0.167	537	3243
51	125	FAGU.GRA	0.143	1103	10478
51	125	LARI.LAR	0.167	288	1758
51	125	PICE.GLA	0.111	726	9604
51	125	PICE.MAR	0.091	804	6648
51	125	PICE.RUB	0.091	4089	12301
51	125	PINU.BAN	0.167	1032	8684
51	125	PINU.RES	0.143	1180	10047
51	125	PINU.STR	0.167	982	8261
51	125	POPU.TRE	0.2	1008	6811
51	125	QUER.RUB	0.143	1137	13735
51	125	THUJ.SPP.ALL	0.091	630	6287
51	125	TSUG.CAN	0.091	600	7333
51	126	ABIE.BAL	0.111	883	3117
51	126	ACER.RUB	0.2	678	5492
51	126	ACER.SAH	0.143	1626	5557
51	126	BETU.ALL	0.125	636	5399
51	126	BETU.PAP	0.2	390	2964
51	126	FAGU.GRA	0.125	907	10114
51	126	LARI.LAR	0.167	266	1525
51	126	PICE.GLA	0.111	620	8000
51	126	PICE.MAR	0.091	749	5769
51	126	PICE.RUB	0.091	2473	11743
51	126	PINU.BAN	0.167	855	8565
51	126	PINU.RES	0.143	1001	9478
51	126	PINU.STR	0.167	756	7758
51	126	POPU.TRE	0.2	628	6183
51	126	QUER.RUB	0.143	1037	11256
51	126	THUJ.SPP.ALL	0.091	536	5692
51	126	TSUG.CAN	0.091	493	6291
51	127	ABIE.BAL	0.111	790	3208
51	127	ACER.RUB	0.2	661	5468
51	127	ACER.SAH	0.143	651	5941
51	127	BETU.ALL	0.143	672	5716
51	127	BETU.PAP	0.2	441	3036
51	127	FAGU.GRA	0.125	967	10314
51	127	LARI.LAR	0.167	312	1743
51	127	PICE.GLA	0.111	606	8700
51	127	PICE.MAR	0.083	985	6087
51	127	PICE.RUB	0.091	4574	12478
51	127	PINU.BAN	0.2	1104	8498
51	127	PINU.RES	0.143	1022	9546
51	127	PINU.STR	0.143	831	7843
51	127	POPU.TRE	0.167	684	6354
51	127	QUER.RUB	0.143	1048	11984
51	127	THUJ.SPP.ALL	0.091	542	5820
51	127	TSUG.CAN	0.091	524	6205
51	128	ABIE.BAL	0.143	593	3586
51	128	ACER.RUB	0.2	815	5805
51	128	ACER.SAH	0.143	667	7204
51	128	BETU.ALL	0.143	741	5993
51	128	BETU.PAP	0.2	486	3199
51	128	FAGU.GRA	0.125	1015	11146
51	128	LARI.LAR	0.167	313	2142
51	128	PICE.GLA	0.111	667	8847
51	128	PICE.MAR	0.091	824	7235
51	128	PICE.RUB	0.091	2255	12099
51	128	PINU.BAN	0.2	963	8595
51	128	PINU.RES	0.143	1064	9824
51	128	PINU.STR	0.143	895	7902
51	128	POPU.TRE	0.2	859	6639
51	128	QUER.RUB	0.143	1199	15186
51	128	THUJ.SPP.ALL	0.091	584	5991
51	128	TSUG.CAN	0.091	575	6564
51	129	ABIE.BAL	0.143	569	3764
51	129	ACER.RUB	0.2	970	6056
51	129	ACER.SAH	0.143	905	8132
51	129	BETU.ALL	0.143	873	6094
51	129	BETU.PAP	0.2	600	3376
51	129	FAGU.GRA	0.125	1237	11018
51	129	LARI.LAR	0.167	355	2213
51	129	PICE.GLA	0.111	911	10745
51	129	PICE.MAR	0.091	855	7671
51	129	PICE.RUB	0.091	2163	12911
51	129	PINU.BAN	0.167	1194	8978
51	129	PINU.RES	0.143	1298	10032
51	129	PINU.STR	0.167	1042	8190
51	129	POPU.TRE	0.2	1124	6913
51	129	QUER.RUB	0.143	1217	15445
51	129	THUJ.SPP.ALL	0.091	634	6181
51	129	TSUG.CAN	0.091	701	6995
51	130	ABIE.BAL	0.143	599	3868
51	130	ACER.RUB	0.2	883	5960
51	130	ACER.SAH	0.143	1031	8659
51	130	BETU.ALL	0.143	835	6049
51	130	BETU.PAP	0.2	553	3408
51	130	FAGU.GRA	0.125	1140	10789
51	130	LARI.LAR	0.167	302	2358
51	130	PICE.GLA	0.111	841	10009
51	130	PICE.MAR	0.091	790	7894
51	130	PICE.RUB	0.091	1676	12595
51	130	PINU.BAN	0.167	1147	8951
51	130	PINU.RES	0.143	1198	10128
51	130	PINU.STR	0.143	965	8011
51	130	POPU.TRE	0.2	1033	6892
51	130	QUER.RUB	0.143	1448	15403
51	130	THUJ.SPP.ALL	0.091	641	6166
51	130	TSUG.CAN	0.091	654	7246
51	131	ABIE.BAL	0.143	571	3963
51	131	ACER.RUB	0.2	963	6419
51	131	ACER.SAH	0.143	1023	8751
51	131	BETU.ALL	0.143	927	6247
51	131	BETU.PAP	0.2	606	3497
51	131	FAGU.GRA	0.125	1255	10949
51	131	LARI.LAR	0.167	295	2453
51	131	PICE.GLA	0.111	991	11046
51	131	PICE.MAR	0.091	965	8702
51	131	PICE.RUB	0.091	2780	12704
51	131	PINU.BAN	0.2	1210	9067
51	131	PINU.RES	0.143	1317	10262
51	131	PINU.STR	0.143	1084	8045
51	131	POPU.TRE	0.2	1142	7133
51	131	QUER.RUB	0.143	1578	15514
51	131	THUJ.SPP.ALL	0.091	670	6596
51	131	TSUG.CAN	0.091	737	7172
51	132	ABIE.BAL	0.143	519	4194
51	132	ACER.RUB	0.2	1010	6237
51	132	ACER.SAH	0.143	1152	9115
51	132	BETU.ALL	0.143	938	6246
51	132	BETU.PAP	0.2	615	3556
51	132	FAGU.GRA	0.125	1280	10676
51	132	LARI.LAR	0.167	310	2600
51	132	PICE.GLA	0.111	988	10456
51	132	PICE.MAR	0.091	916	9063
51	132	PICE.RUB	0.091	1624	13573
51	132	PINU.BAN	0.2	1216	9068
51	132	PINU.RES	0.143	1319	10402
51	132	PINU.STR	0.143	1068	8610
51	132	POPU.TRE	0.2	1178	7324
51	132	QUER.RUB	0.143	1947	16136
51	132	THUJ.SPP.ALL	0.091	703	6625
51	132	TSUG.CAN	0.091	741	7004
51	205	ABIE.BAL	0.125	867	3498
51	205	ACER.RUB	0.2	639	5416
51	205	ACER.SAH	0.125	623	6652
51	205	BETU.ALL	0.125	701	5520
51	205	BETU.PAP	0.2	436	3051
51	205	FAGU.GRA	0.125	840	10189
51	205	LARI.LAR	0.2	370	1987
51	205	PICE.GLA	0.111	568	8372
51	205	PICE.MAR	0.091	1046	6929
51	205	PICE.RUB	0.091	3033	12451
51	205	PINU.BAN	0.167	860	8363
51	205	PINU.RES	0.143	986	9469
51	205	PINU.STR	0.143	717	7461
51	205	POPU.TRE	0.2	703	6228
51	205	QUER.RUB	0.125	934	13057
51	205	THUJ.SPP.ALL	0.091	524	5626
51	205	TSUG.CAN	0.083	477	6036
51	206	ABIE.BAL	0.125	683	3189
51	206	ACER.RUB	0.167	508	5270
51	206	ACER.SAH	0.125	1275	5762
51	206	BETU.ALL	0.125	617	5322
51	206	BETU.PAP	0.2	382	2966
51	206	FAGU.GRA	0.125	764	10518
51	206	LARI.LAR	0.143	205	1589
51	206	PICE.GLA	0.111	638	7472
51	206	PICE.MAR	0.083	789	6325
51	206	PICE.RUB	0.091	2883	11897
51	206	PINU.BAN	0.167	784	8321
51	206	PINU.RES	0.143	891	8903
51	206	PINU.STR	0.143	640	7096
51	206	POPU.TRE	0.2	557	6017
51	206	QUER.RUB	0.125	2372	10622
51	206	THUJ.SPP.ALL	0.091	512	5366
51	206	TSUG.CAN	0.083	438	5484
51	207	ABIE.BAL	0.125	757	3208
51	207	ACER.RUB	0.2	595	5395
51	207	ACER.SAH	0.125	783	5785
51	207	BETU.ALL	0.125	588	5350
51	207	BETU.PAP	0.2	402	2882
51	207	FAGU.GRA	0.125	778	9608
51	207	LARI.LAR	0.167	311	1708
51	207	PICE.GLA	0.111	606	7704
51	207	PICE.MAR	0.091	789	6486
51	207	PICE.RUB	0.091	4349	12563
51	207	PINU.BAN	0.167	817	8404
51	207	PINU.RES	0.167	909	9403
51	207	PINU.STR	0.143	671	7132
51	207	POPU.TRE	0.2	630	6109
51	207	QUER.RUB	0.111	1680	11205
51	207	THUJ.SPP.ALL	0.091	528	5538
51	207	TSUG.CAN	0.083	466	5733
51	208	ABIE.BAL	0.125	749	3468
51	208	ACER.RUB	0.2	642	5590
51	208	ACER.SAH	0.125	1002	7680
51	208	BETU.ALL	0.125	712	5627
51	208	BETU.PAP	0.2	439	3068
51	208	FAGU.GRA	0.125	866	9904
51	208	LARI.LAR	0.167	313	2052
51	208	PICE.GLA	0.111	593	8380
51	208	PICE.MAR	0.091	956	7016
51	208	PICE.RUB	0.091	2854	11911
51	208	PINU.BAN	0.167	914	8531
51	208	PINU.RES	0.167	969	9694
51	208	PINU.STR	0.143	735	7365
51	208	POPU.TRE	0.2	725	6296
51	208	QUER.RUB	0.125	933	13253
51	208	THUJ.SPP.ALL	0.091	546	5745
51	208	TSUG.CAN	0.091	486	5871
51	209	ABIE.BAL	0.125	677	3089
51	209	ACER.RUB	0.167	509	5128
51	209	ACER.SAH	0.125	1992	4983
51	209	BETU.ALL	0.125	600	5394
51	209	BETU.PAP	0.2	354	2829
51	209	FAGU.GRA	0.125	739	9291
51	209	LARI.LAR	0.2	303	1497
51	209	PICE.GLA	0.111	656	7038
51	209	PICE.MAR	0.091	659	6272
51	209	PICE.RUB	0.091	3357	11627
51	209	PINU.BAN	0.2	725	8265
51	209	PINU.RES	0.143	837	8957
51	209	PINU.STR	0.125	656	6978
51	209	POPU.TRE	0.2	510	5836
51	209	QUER.RUB	0.111	2495	10305
51	209	THUJ.SPP.ALL	0.091	514	5370
51	209	TSUG.CAN	0.083	472	5360
51	210	ABIE.BAL	0.125	783	3288
51	210	ACER.RUB	0.167	562	5333
51	210	ACER.SAH	0.125	766	6519
51	210	BETU.ALL	0.125	591	5132
51	210	BETU.PAP	0.2	397	2958
51	210	FAGU.GRA	0.125	746	9862
51	210	LARI.LAR	0.2	288	1866
51	210	PICE.GLA	0.111	577	7446
51	210	PICE.MAR	0.091	939	6773
51	210	PICE.RUB	0.091	2500	11976
51	210	PINU.BAN	0.2	770	8207
51	210	PINU.RES	0.143	912	9195
51	210	PINU.STR	0.125	649	7002
51	210	POPU.TRE	0.2	567	6125
51	210	QUER.RUB	0.125	1421	11467
51	210	THUJ.SPP.ALL	0.091	537	5390
51	210	TSUG.CAN	0.077	439	5320
51	211	ABIE.BAL	0.125	619	3500
51	211	ACER.RUB	0.167	585	5336
51	211	ACER.SAH	0.125	617	6908
51	211	BETU.ALL	0.125	642	5119
51	211	BETU.PAP	0.2	405	2975
51	211	FAGU.GRA	0.125	760	9897
51	211	LARI.LAR	0.2	313	1941
51	211	PICE.GLA	0.111	615	7844
51	211	PICE.MAR	0.091	838	7311
51	211	PICE.RUB	0.091	2351	11926
51	211	PINU.BAN	0.2	802	8413
51	211	PINU.RES	0.143	938	9081
51	211	PINU.STR	0.125	689	6984
51	211	POPU.TRE	0.2	637	6258
51	211	QUER.RUB	0.125	1370	12198
51	211	THUJ.SPP.ALL	0.091	526	5473
51	211	TSUG.CAN	0.083	459	5820
51	212	ABIE.BAL	0.143	684	3686
51	212	ACER.RUB	0.2	845	6016
51	212	ACER.SAH	0.143	820	7657
51	212	BETU.ALL	0.143	825	5987
51	212	BETU.PAP	0.2	560	3304
51	212	FAGU.GRA	0.125	1105	10695
51	212	LARI.LAR	0.167	367	2086
51	212	PICE.GLA	0.111	790	9738
51	212	PICE.MAR	0.091	932	7614
51	212	PICE.RUB	0.091	3033	12675
51	212	PINU.BAN	0.2	1093	8762
51	212	PINU.RES	0.143	1176	10314
51	212	PINU.STR	0.143	954	8022
51	212	POPU.TRE	0.2	945	6768
51	212	QUER.RUB	0.143	1021	14152
51	212	THUJ.SPP.ALL	0.091	598	6118
51	212	TSUG.CAN	0.091	582	6863
51	213	ABIE.BAL	0.143	697	3392
51	213	ACER.RUB	0.2	701	5526
51	213	ACER.SAH	0.143	799	6639
51	213	BETU.ALL	0.143	644	5607
51	213	BETU.PAP	0.2	431	3088
51	213	FAGU.GRA	0.125	864	10193
51	213	LARI.LAR	0.167	324	1952
51	213	PICE.GLA	0.111	584	8397
51	213	PICE.MAR	0.091	960	6987
51	213	PICE.RUB	0.091	2946	11935
51	213	PINU.BAN	0.167	886	8505
51	213	PINU.RES	0.2	1010	9510
51	213	PINU.STR	0.143	763	7365
51	213	POPU.TRE	0.2	684	6413
51	213	QUER.RUB	0.143	1002	13498
51	213	THUJ.SPP.ALL	0.091	524	5670
51	213	TSUG.CAN	0.091	506	6374
51	214	ABIE.BAL	0.111	792	3160
51	214	ACER.RUB	0.2	573	5415
51	214	ACER.SAH	0.111	1012	5609
51	214	BETU.ALL	0.143	603	5298
51	214	BETU.PAP	0.2	384	2964
51	214	FAGU.GRA	0.125	819	10251
51	214	LARI.LAR	0.167	257	1530
51	214	PICE.GLA	0.111	591	7473
51	214	PICE.MAR	0.091	746	6080
51	214	PICE.RUB	0.083	3528	11287
51	214	PINU.BAN	0.167	827	8417
51	214	PINU.RES	0.2	896	9628
51	214	PINU.STR	0.143	715	7518
51	214	POPU.TRE	0.2	582	6024
51	214	QUER.RUB	0.143	1542	10933
51	214	THUJ.SPP.ALL	0.091	542	5543
51	214	TSUG.CAN	0.091	458	6028
51	215	ABIE.BAL	0.143	480	4008
51	215	ACER.RUB	0.2	959	6154
51	215	ACER.SAH	0.143	1163	8671
51	215	BETU.ALL	0.143	914	6220
51	215	BETU.PAP	0.2	585	3462
51	215	FAGU.GRA	0.125	1259	10485
51	215	LARI.LAR	0.167	314	2430
51	215	PICE.GLA	0.111	960	11214
51	215	PICE.MAR	0.091	976	8402
51	215	PICE.RUB	0.091	2235	12754
51	215	PINU.BAN	0.2	1206	8976
51	215	PINU.RES	0.143	1303	10310
51	215	PINU.STR	0.143	1081	8119
51	215	POPU.TRE	0.2	1150	7167
51	215	QUER.RUB	0.143	1507	15766
51	215	THUJ.SPP.ALL	0.091	640	6452
51	215	TSUG.CAN	0.091	689	7100
51	216	ABIE.BAL	0.143	539	3792
51	216	ACER.RUB	0.2	883	6062
51	216	ACER.SAH	0.143	1041	8442
51	216	BETU.ALL	0.143	807	5706
51	216	BETU.PAP	0.2	542	3325
51	216	FAGU.GRA	0.125	1096	10740
51	216	LARI.LAR	0.167	376	2311
51	216	PICE.GLA	0.111	807	10002
51	216	PICE.MAR	0.083	1004	7879
51	216	PICE.RUB	0.091	2474	12852
51	216	PINU.BAN	0.2	1102	8917
51	216	PINU.RES	0.143	1221	9953
51	216	PINU.STR	0.143	943	8175
51	216	POPU.TRE	0.2	978	6890
51	216	QUER.RUB	0.143	1554	14988
51	216	THUJ.SPP.ALL	0.091	601	6162
51	216	TSUG.CAN	0.091	620	6883
51	217	ABIE.BAL	0.143	528	4171
51	217	ACER.RUB	0.2	924	6344
51	217	ACER.SAH	0.143	1092	8848
51	217	BETU.ALL	0.125	988	5923
51	217	BETU.PAP	0.2	607	3479
51	217	FAGU.GRA	0.125	1238	10843
51	217	LARI.LAR	0.167	304	2530
51	217	PICE.GLA	0.111	1017	10474
51	217	PICE.MAR	0.091	947	8989
51	217	PICE.RUB	0.091	1851	13674
51	217	PINU.BAN	0.167	1243	8949
51	217	PINU.RES	0.2	1250	10314
51	217	PINU.STR	0.143	1030	8268
51	217	POPU.TRE	0.2	1128	7201
51	217	QUER.RUB	0.125	1700	15386
51	217	THUJ.SPP.ALL	0.091	654	6278
51	217	TSUG.CAN	0.091	696	6931
51	218	ABIE.BAL	0.125	469	4067
51	218	ACER.RUB	0.167	830	5871
51	218	ACER.SAH	0.125	1052	8220
51	218	BETU.ALL	0.125	906	6252
51	218	BETU.PAP	0.2	548	3394
51	218	FAGU.GRA	0.125	1057	10419
51	218	LARI.LAR	0.167	274	2410
51	218	PICE.GLA	0.111	943	10503
51	218	PICE.MAR	0.091	838	8886
51	218	PICE.RUB	0.091	1678	12954
51	218	PINU.BAN	0.2	1114	8881
51	218	PINU.RES	0.143	1230	10271
51	218	PINU.STR	0.125	915	7668
51	218	POPU.TRE	0.167	1016	7046
51	218	QUER.RUB	0.125	1340	14257
51	218	THUJ.SPP.ALL	0.091	572	6139
51	218	TSUG.CAN	0.077	602	6368
51	219	ABIE.BAL	0.125	459	4112
51	219	ACER.RUB	0.143	832	5877
51	219	ACER.SAH	0.125	1107	8166
51	219	BETU.ALL	0.125	884	6089
51	219	BETU.PAP	0.2	532	3463
51	219	FAGU.GRA	0.125	1048	10178
51	219	LARI.LAR	0.167	283	2526
51	219	PICE.GLA	0.111	874	10121
51	219	PICE.MAR	0.091	811	9188
51	219	PICE.RUB	0.091	1799	13192
51	219	PINU.BAN	0.2	1075	8656
51	219	PINU.RES	0.143	1228	9969
51	219	PINU.STR	0.125	891	7728
51	219	POPU.TRE	0.167	1023	7001
51	219	QUER.RUB	0.125	1503	14733
51	219	THUJ.SPP.ALL	0.091	563	5948
51	219	TSUG.CAN	0.077	616	6363
51	220	ABIE.BAL	0.125	461	3982
51	220	ACER.RUB	0.167	862	6072
51	220	ACER.SAH	0.125	1072	8796
51	220	BETU.ALL	0.125	900	5730
51	220	BETU.PAP	0.2	543	3394
51	220	FAGU.GRA	0.125	1047	10644
51	220	LARI.LAR	0.2	289	2465
51	220	PICE.GLA	0.111	866	10284
51	220	PICE.MAR	0.091	707	9054
51	220	PICE.RUB	0.091	1847	12795
51	220	PINU.BAN	0.2	1122	8794
51	220	PINU.RES	0.143	1253	9908
51	220	PINU.STR	0.143	896	8042
51	220	POPU.TRE	0.167	1006	6886
51	220	QUER.RUB	0.125	1429	15088
51	220	THUJ.SPP.ALL	0.091	636	6094
51	220	TSUG.CAN	0.083	658	6522
51	221	ABIE.BAL	0.143	498	4151
51	221	ACER.RUB	0.2	988	6246
51	221	ACER.SAH	0.143	1196	9257
51	221	BETU.ALL	0.143	1001	6118
51	221	BETU.PAP	0.2	619	3564
51	221	FAGU.GRA	0.125	1248	10789
51	221	LARI.LAR	0.2	346	2704
51	221	PICE.GLA	0.111	1009	10936
51	221	PICE.MAR	0.091	824	8902
51	221	PICE.RUB	0.091	1679	13331
51	221	PINU.BAN	0.167	1261	9191
51	221	PINU.RES	0.2	1262	10127
51	221	PINU.STR	0.143	1069	8504
51	221	POPU.TRE	0.2	1195	7186
51	221	QUER.RUB	0.125	1725	15629
51	221	THUJ.SPP.ALL	0.091	725	6507
51	221	TSUG.CAN	0.091	717	7163
51	226	ABIE.BAL	0.143	673	3786
51	226	ACER.RUB	0.2	991	6121
51	226	ACER.SAH	0.143	1177	7645
51	226	BETU.ALL	0.143	927	6093
51	226	BETU.PAP	0.2	600	3396
51	226	FAGU.GRA	0.125	1281	10234
51	226	LARI.LAR	0.167	380	2257
51	226	PICE.GLA	0.111	907	10841
51	226	PICE.MAR	0.091	880	7938
51	226	PICE.RUB	0.091	2085	12365
51	226	PINU.BAN	0.2	1194	8967
51	226	PINU.RES	0.143	1295	9977
51	226	PINU.STR	0.167	1060	8070
51	226	POPU.TRE	0.167	1161	7107
51	226	QUER.RUB	0.143	1544	14902
51	226	THUJ.SPP.ALL	0.091	661	6428
51	226	TSUG.CAN	0.091	691	7183
51	227	ABIE.BAL	0.143	805	3539
51	227	ACER.RUB	0.2	770	5847
51	227	ACER.SAH	0.143	772	6935
51	227	BETU.ALL	0.143	722	5595
51	227	BETU.PAP	0.2	477	3134
51	227	FAGU.GRA	0.125	995	10763
51	227	LARI.LAR	0.167	306	1880
51	227	PICE.GLA	0.111	648	8873
51	227	PICE.MAR	0.091	1017	6740
51	227	PICE.RUB	0.091	3448	11964
51	227	PINU.BAN	0.2	942	8751
51	227	PINU.RES	0.143	1066	9857
51	227	PINU.STR	0.167	849	7858
51	227	POPU.TRE	0.2	774	6599
51	227	QUER.RUB	0.143	1448	12752
51	227	THUJ.SPP.ALL	0.091	550	6053
51	227	TSUG.CAN	0.091	564	6422
51	296	ABIE.BAL	0.125	727	3288
51	296	ACER.RUB	0.167	576	5331
51	296	ACER.SAH	0.125	1557	5434
51	296	BETU.ALL	0.125	617	5557
51	296	BETU.PAP	0.2	411	2936
51	296	FAGU.GRA	0.125	778	10233
51	296	LARI.LAR	0.143	307	1475
51	296	PICE.GLA	0.111	580	7820
51	296	PICE.MAR	0.083	898	6446
51	296	PICE.RUB	0.091	3100	11473
51	296	PINU.BAN	0.167	817	8274
51	296	PINU.RES	0.143	914	9415
51	296	PINU.STR	0.125	729	7052
51	296	POPU.TRE	0.2	604	6190
51	296	QUER.RUB	0.125	2152	10542
51	296	THUJ.SPP.ALL	0.091	538	5478
51	296	TSUG.CAN	0.083	458	5539
51	297	ABIE.BAL	0.125	617	3476
51	297	ACER.RUB	0.167	683	5628
51	297	ACER.SAH	0.125	745	7089
51	297	BETU.ALL	0.125	690	5657
51	297	BETU.PAP	0.2	460	3071
51	297	FAGU.GRA	0.125	884	10150
51	297	LARI.LAR	0.2	303	2019
51	297	PICE.GLA	0.111	604	8848
51	297	PICE.MAR	0.091	831	7415
51	297	PICE.RUB	0.091	3019	12488
51	297	PINU.BAN	0.167	850	8484
51	297	PINU.RES	0.167	959	9343
51	297	PINU.STR	0.143	742	7460
51	297	POPU.TRE	0.2	726	6410
51	297	QUER.RUB	0.125	955	13072
51	297	THUJ.SPP.ALL	0.091	523	5413
51	297	TSUG.CAN	0.083	488	6332
