LandisData "Dynamic Input Data"

>> WARNING - THIS IS A BIAS-CORRECTED INPUT FILE

>> The following multiplier was applied to all species's original maxB and maxANPP
>>	multiplier
>>	0.643475324

>> The following species' parameters (maxANPP and maxB) have also been modified

>>	species		averageMaxBiomassTarget	finalMultiplier
>>	ABIE.BAL	0.3			1.859746925

>>	year	landtype	species	probEst	maxANPP	maxB

0	1	ABIE.BAL	0.125	411	2012
0	1	ACER.RUB	0.25	679	5473
0	1	ACER.SAH	0.125	1250	4302
0	1	BETU.ALL	0.125	580	5216
0	1	BETU.PAP	0.2	428	2871
0	1	FAGU.GRA	0.143	1143	10610
0	1	LARI.LAR	0.2	219	1404
0	1	PICE.GLA	0.111	697	8342
0	1	PICE.MAR	0.083	434	4235
0	1	PICE.RUB	0.091	1682	11214
0	1	PINU.BAN	0.167	923	8447
0	1	PINU.RES	0.143	1142	9515
0	1	PINU.STR	0.143	963	8190
0	1	POPU.TRE	0.2	779	6076
0	1	QUER.RUB	0.167	1706	8877
0	1	THUJ.SPP.ALL	0.091	905	6632
0	1	TSUG.CAN	0.1	623	6001
0	2	ABIE.BAL	0.111	394	1923
0	2	ACER.RUB	0.25	663	5369
0	2	ACER.SAH	0.125	1368	3695
0	2	BETU.ALL	0.125	578	5429
0	2	BETU.PAP	0.2	380	2863
0	2	FAGU.GRA	0.143	1104	10191
0	2	LARI.LAR	0.2	256	1172
0	2	PICE.GLA	0.111	666	8660
0	2	PICE.MAR	0.077	346	4110
0	2	PICE.RUB	0.083	1727	11772
0	2	PINU.BAN	0.167	947	8398
0	2	PINU.RES	0.143	1136	9721
0	2	PINU.STR	0.143	996	7795
0	2	POPU.TRE	0.2	733	5864
0	2	QUER.RUB	0.167	1806	7514
0	2	THUJ.SPP.ALL	0.091	898	6552
0	2	TSUG.CAN	0.1	604	6137
0	3	ABIE.BAL	0.125	701	2546
0	3	ACER.RUB	0.25	829	5661
0	3	ACER.SAH	0.125	761	4923
0	3	BETU.ALL	0.125	547	5144
0	3	BETU.PAP	0.167	414	3089
0	3	FAGU.GRA	0.143	1142	10204
0	3	LARI.LAR	0.167	317	1758
0	3	PICE.GLA	0.111	708	9059
0	3	PICE.MAR	0.091	615	5008
0	3	PICE.RUB	0.091	2376	10480
0	3	PINU.BAN	0.167	921	8431
0	3	PINU.RES	0.143	1140	9999
0	3	PINU.STR	0.143	1016	7998
0	3	POPU.TRE	0.2	805	6457
0	3	QUER.RUB	0.167	1007	9870
0	3	THUJ.SPP.ALL	0.091	931	6591
0	3	TSUG.CAN	0.091	657	6504
0	8	ABIE.BAL	0.125	439	3150
0	8	ACER.RUB	0.25	769	6054
0	8	ACER.SAH	0.125	914	7215
0	8	BETU.ALL	0.125	621	5814
0	8	BETU.PAP	0.167	464	3225
0	8	FAGU.GRA	0.143	1181	10781
0	8	LARI.LAR	0.167	292	2280
0	8	PICE.GLA	0.111	833	9630
0	8	PICE.MAR	0.091	691	6114
0	8	PICE.RUB	0.091	1622	10461
0	8	PINU.BAN	0.167	920	8478
0	8	PINU.RES	0.143	1167	9794
0	8	PINU.STR	0.143	1035	8289
0	8	POPU.TRE	0.2	929	6877
0	8	QUER.RUB	0.167	1400	13087
0	8	THUJ.SPP.ALL	0.091	921	6895
0	8	TSUG.CAN	0.091	750	6746
0	9	ABIE.BAL	0.125	569	2968
0	9	ACER.RUB	0.25	747	5950
0	9	ACER.SAH	0.125	879	6066
0	9	BETU.ALL	0.125	615	5471
0	9	BETU.PAP	0.167	436	3076
0	9	FAGU.GRA	0.143	1151	10405
0	9	LARI.LAR	0.167	282	1871
0	9	PICE.GLA	0.111	774	8895
0	9	PICE.MAR	0.091	643	5670
0	9	PICE.RUB	0.091	2239	10911
0	9	PINU.BAN	0.167	940	8377
0	9	PINU.RES	0.143	1144	9832
0	9	PINU.STR	0.143	969	7926
0	9	POPU.TRE	0.2	817	6810
0	9	QUER.RUB	0.167	1265	11588
0	9	THUJ.SPP.ALL	0.091	896	6826
0	9	TSUG.CAN	0.091	710	6652
0	10	ABIE.BAL	0.125	435	2451
0	10	ACER.RUB	0.25	922	5363
0	10	ACER.SAH	0.143	1638	4269
0	10	BETU.ALL	0.125	600	5350
0	10	BETU.PAP	0.2	405	2936
0	10	FAGU.GRA	0.143	1015	10483
0	10	LARI.LAR	0.2	306	1285
0	10	PICE.GLA	0.111	627	8729
0	10	PICE.MAR	0.091	438	4852
0	10	PICE.RUB	0.091	1751	12187
0	10	PINU.BAN	0.2	899	8472
0	10	PINU.RES	0.143	1111	9587
0	10	PINU.STR	0.167	873	7498
0	10	POPU.TRE	0.25	721	6089
0	10	QUER.RUB	0.125	2594	9604
0	10	THUJ.SPP.ALL	0.091	793	6587
0	10	TSUG.CAN	0.091	573	6299
0	11	ABIE.BAL	0.125	705	2723
0	11	ACER.RUB	0.25	741	5791
0	11	ACER.SAH	0.143	938	5605
0	11	BETU.ALL	0.125	631	5679
0	11	BETU.PAP	0.2	443	3069
0	11	FAGU.GRA	0.143	1147	10870
0	11	LARI.LAR	0.167	261	1573
0	11	PICE.GLA	0.111	811	9100
0	11	PICE.MAR	0.091	770	5549
0	11	PICE.RUB	0.062	3020	11264
0	11	PINU.BAN	0.2	990	8617
0	11	PINU.RES	0.143	1225	9745
0	11	PINU.STR	0.167	965	8082
0	11	POPU.TRE	0.25	837	6631
0	11	QUER.RUB	0.143	1134	10194
0	11	THUJ.SPP.ALL	0.091	927	6865
0	11	TSUG.CAN	0.091	729	6379
0	12	ABIE.BAL	0.143	617	2970
0	12	ACER.RUB	0.167	778	5717
0	12	ACER.SAH	0.143	948	4736
0	12	BETU.ALL	0.125	653	5592
0	12	BETU.PAP	0.2	443	3062
0	12	FAGU.GRA	0.125	1111	10500
0	12	LARI.LAR	0.167	252	1580
0	12	PICE.GLA	0.111	772	9307
0	12	PICE.MAR	0.083	518	5699
0	12	PICE.RUB	0.091	1932	12081
0	12	PINU.BAN	0.167	1040	8652
0	12	PINU.RES	0.143	1142	9922
0	12	PINU.STR	0.167	902	7807
0	12	POPU.TRE	0.25	826	6365
0	12	QUER.RUB	0.125	963	10764
0	12	THUJ.SPP.ALL	0.091	793	6504
0	12	TSUG.CAN	0.091	652	6228
0	13	ABIE.BAL	0.125	599	3028
0	13	ACER.RUB	0.25	734	5807
0	13	ACER.SAH	0.143	787	5369
0	13	BETU.ALL	0.125	680	5813
0	13	BETU.PAP	0.2	452	3113
0	13	FAGU.GRA	0.143	1156	10710
0	13	LARI.LAR	0.2	234	1879
0	13	PICE.GLA	0.111	882	9868
0	13	PICE.MAR	0.091	646	5820
0	13	PICE.RUB	0.091	2086	11128
0	13	PINU.BAN	0.2	1024	8793
0	13	PINU.RES	0.143	1264	9897
0	13	PINU.STR	0.167	985	8131
0	13	POPU.TRE	0.25	876	6755
0	13	QUER.RUB	0.143	1251	11047
0	13	THUJ.SPP.ALL	0.091	979	6918
0	13	TSUG.CAN	0.091	710	6291
0	14	ABIE.BAL	0.125	532	3225
0	14	ACER.RUB	0.25	750	5858
0	14	ACER.SAH	0.143	1059	6450
0	14	BETU.ALL	0.125	731	5795
0	14	BETU.PAP	0.2	465	3161
0	14	FAGU.GRA	0.143	1085	10626
0	14	LARI.LAR	0.167	244	2060
0	14	PICE.GLA	0.111	797	9525
0	14	PICE.MAR	0.091	729	6461
0	14	PICE.RUB	0.091	1883	11743
0	14	PINU.BAN	0.2	1004	8761
0	14	PINU.RES	0.143	1219	9828
0	14	PINU.STR	0.167	922	8066
0	14	POPU.TRE	0.25	855	6816
0	14	QUER.RUB	0.125	1065	12726
0	14	THUJ.SPP.ALL	0.091	837	6644
0	14	TSUG.CAN	0.091	684	6784
0	15	ABIE.BAL	0.125	467	3210
0	15	ACER.RUB	0.25	775	5986
0	15	ACER.SAH	0.143	929	6888
0	15	BETU.ALL	0.125	766	6092
0	15	BETU.PAP	0.2	471	3210
0	15	FAGU.GRA	0.143	1210	10393
0	15	LARI.LAR	0.2	273	2107
0	15	PICE.GLA	0.111	939	9664
0	15	PICE.MAR	0.091	763	6535
0	15	PICE.RUB	0.091	1799	10984
0	15	PINU.BAN	0.2	1035	8725
0	15	PINU.RES	0.143	1238	9888
0	15	PINU.STR	0.167	1009	8200
0	15	POPU.TRE	0.25	923	6829
0	15	QUER.RUB	0.143	1590	12292
0	15	THUJ.SPP.ALL	0.091	977	6877
0	15	TSUG.CAN	0.1	721	6771
0	41	ABIE.BAL	0.125	506	3388
0	41	ACER.RUB	0.143	730	5688
0	41	ACER.SAH	0.143	795	7282
0	41	BETU.ALL	0.125	734	5931
0	41	BETU.PAP	0.25	443	3226
0	41	FAGU.GRA	0.125	1027	10476
0	41	LARI.LAR	0.167	286	2022
0	41	PICE.GLA	0.125	665	9588
0	41	PICE.MAR	0.1	797	7283
0	41	PICE.RUB	0.091	2137	12026
0	41	PINU.BAN	0.167	1004	8950
0	41	PINU.RES	0.2	1095	10223
0	41	PINU.STR	0.125	898	7607
0	41	POPU.TRE	0.167	873	6718
0	41	QUER.RUB	0.111	1232	11512
0	41	THUJ.SPP.ALL	0.091	616	6195
0	41	TSUG.CAN	0.077	549	6701
0	42	ABIE.BAL	0.143	517	2860
0	42	ACER.RUB	0.143	662	5396
0	42	ACER.SAH	0.143	1489	4999
0	42	BETU.ALL	0.143	552	5827
0	42	BETU.PAP	0.25	393	3034
0	42	FAGU.GRA	0.125	981	10771
0	42	LARI.LAR	0.167	299	1494
0	42	PICE.GLA	0.125	595	8828
0	42	PICE.MAR	0.091	680	5973
0	42	PICE.RUB	0.091	2652	11060
0	42	PINU.BAN	0.167	966	8676
0	42	PINU.RES	0.167	1049	9776
0	42	PINU.STR	0.125	867	7461
0	42	POPU.TRE	0.167	733	6251
0	42	QUER.RUB	0.111	4412	10466
0	42	THUJ.SPP.ALL	0.091	586	5912
0	42	TSUG.CAN	0.083	470	5691
0	43	ABIE.BAL	0.143	439	2440
0	43	ACER.RUB	0.167	620	5177
0	43	ACER.SAH	0.143	1790	4009
0	43	BETU.ALL	0.143	557	5226
0	43	BETU.PAP	0.25	353	2828
0	43	FAGU.GRA	0.125	925	9829
0	43	LARI.LAR	0.167	143	1039
0	43	PICE.GLA	0.111	598	7915
0	43	PICE.MAR	0.083	486	4715
0	43	PICE.RUB	0.083	1975	13115
0	43	PINU.BAN	0.25	909	8464
0	43	PINU.RES	0.143	1020	9534
0	43	PINU.STR	0.167	802	7421
0	43	POPU.TRE	0.167	615	5863
0	43	QUER.RUB	0.125	2419	9202
0	43	THUJ.SPP.ALL	0.1	586	6148
0	43	TSUG.CAN	0.091	422	5647
0	44	ABIE.BAL	0.143	683	3232
0	44	ACER.RUB	0.167	759	5571
0	44	ACER.SAH	0.143	872	6827
0	44	BETU.ALL	0.143	624	5724
0	44	BETU.PAP	0.25	447	3171
0	44	FAGU.GRA	0.125	1074	10665
0	44	LARI.LAR	0.167	261	1950
0	44	PICE.GLA	0.111	748	9349
0	44	PICE.MAR	0.091	748	6697
0	44	PICE.RUB	0.1	2120	11484
0	44	PINU.BAN	0.25	994	8818
0	44	PINU.RES	0.143	1192	9495
0	44	PINU.STR	0.167	862	7837
0	44	POPU.TRE	0.167	907	6496
0	44	QUER.RUB	0.125	903	12285
0	44	THUJ.SPP.ALL	0.1	652	6307
0	44	TSUG.CAN	0.091	602	6348
0	45	ABIE.BAL	0.143	495	2622
0	45	ACER.RUB	0.167	716	5554
0	45	ACER.SAH	0.143	1217	5172
0	45	BETU.ALL	0.143	591	5722
0	45	BETU.PAP	0.25	392	2974
0	45	FAGU.GRA	0.125	1072	10824
0	45	LARI.LAR	0.167	265	1335
0	45	PICE.GLA	0.111	712	8797
0	45	PICE.MAR	0.091	544	5410
0	45	PICE.RUB	0.1	3010	11000
0	45	PINU.BAN	0.167	1035	8639
0	45	PINU.RES	0.143	1161	9593
0	45	PINU.STR	0.167	898	7801
0	45	POPU.TRE	0.25	692	6287
0	45	QUER.RUB	0.125	2436	9928
0	45	THUJ.SPP.ALL	0.1	684	6165
0	45	TSUG.CAN	0.091	628	6497
0	46	ABIE.BAL	0.143	446	2851
0	46	ACER.RUB	0.167	685	5360
0	46	ACER.SAH	0.143	869	4993
0	46	BETU.ALL	0.143	578	5196
0	46	BETU.PAP	0.25	402	3125
0	46	FAGU.GRA	0.125	977	10221
0	46	LARI.LAR	0.167	235	1490
0	46	PICE.GLA	0.111	648	8993
0	46	PICE.MAR	0.091	641	5670
0	46	PICE.RUB	0.1	2988	11170
0	46	PINU.BAN	0.25	853	8472
0	46	PINU.RES	0.143	1137	9565
0	46	PINU.STR	0.167	822	7594
0	46	POPU.TRE	0.167	720	6246
0	46	QUER.RUB	0.125	927	10441
0	46	THUJ.SPP.ALL	0.1	611	6045
0	46	TSUG.CAN	0.091	518	5908
0	47	ABIE.BAL	0.125	368	2420
0	47	ACER.RUB	0.167	615	5284
0	47	ACER.SAH	0.077	1742	4275
0	47	BETU.ALL	0.143	508	5350
0	47	BETU.PAP	0.25	384	2808
0	47	FAGU.GRA	0.125	997	10278
0	47	LARI.LAR	0.167	155	1215
0	47	PICE.GLA	0.111	622	8042
0	47	PICE.MAR	0.083	443	4890
0	47	PICE.RUB	0.1	1858	12030
0	47	PINU.BAN	0.2	855	8431
0	47	PINU.RES	0.143	1064	9526
0	47	PINU.STR	0.167	844	7368
0	47	POPU.TRE	0.25	836	6034
0	47	QUER.RUB	0.125	1533	8740
0	47	THUJ.SPP.ALL	0.1	680	6316
0	47	TSUG.CAN	0.091	483	5822
0	48	ABIE.BAL	0.143	629	2836
0	48	ACER.RUB	0.167	744	5637
0	48	ACER.SAH	0.143	1657	6033
0	48	BETU.ALL	0.143	593	5450
0	48	BETU.PAP	0.25	402	3065
0	48	FAGU.GRA	0.125	1055	10236
0	48	LARI.LAR	0.167	262	1613
0	48	PICE.GLA	0.111	700	9042
0	48	PICE.MAR	0.091	651	5711
0	48	PICE.RUB	0.083	2698	11304
0	48	PINU.BAN	0.167	992	8563
0	48	PINU.RES	0.143	1166	9552
0	48	PINU.STR	0.167	868	7884
0	48	POPU.TRE	0.25	756	6468
0	48	QUER.RUB	0.125	1220	10406
0	48	THUJ.SPP.ALL	0.1	727	6370
0	48	TSUG.CAN	0.091	599	6208
0	49	ABIE.BAL	0.143	586	2847
0	49	ACER.RUB	0.25	782	5593
0	49	ACER.SAH	0.125	1017	5454
0	49	BETU.ALL	0.125	662	5742
0	49	BETU.PAP	0.2	421	3087
0	49	FAGU.GRA	0.125	1205	10765
0	49	LARI.LAR	0.167	291	1561
0	49	PICE.GLA	0.111	843	9393
0	49	PICE.MAR	0.083	734	5809
0	49	PICE.RUB	0.091	2755	11015
0	49	PINU.BAN	0.167	1070	8742
0	49	PINU.RES	0.143	1252	9898
0	49	PINU.STR	0.167	947	8083
0	49	POPU.TRE	0.25	820	6642
0	49	QUER.RUB	0.125	1279	9751
0	49	THUJ.SPP.ALL	0.1	811	6810
0	49	TSUG.CAN	0.091	641	6526
0	50	ABIE.BAL	0.143	541	3307
0	50	ACER.RUB	0.167	712	5768
0	50	ACER.SAH	0.143	752	6457
0	50	BETU.ALL	0.143	642	5973
0	50	BETU.PAP	0.25	439	3187
0	50	FAGU.GRA	0.125	1028	10328
0	50	LARI.LAR	0.167	275	2016
0	50	PICE.GLA	0.125	707	9420
0	50	PICE.MAR	0.091	572	6754
0	50	PICE.RUB	0.091	2298	11790
0	50	PINU.BAN	0.167	994	8771
0	50	PINU.RES	0.2	1096	10180
0	50	PINU.STR	0.125	911	7664
0	50	POPU.TRE	0.167	876	6537
0	50	QUER.RUB	0.111	963	12262
0	50	THUJ.SPP.ALL	0.1	673	6513
0	50	TSUG.CAN	0.083	550	6308
0	51	ABIE.BAL	0.143	476	3772
0	51	ACER.RUB	0.143	885	6184
0	51	ACER.SAH	0.143	1091	8424
0	51	BETU.ALL	0.143	803	6045
0	51	BETU.PAP	0.25	524	3538
0	51	FAGU.GRA	0.125	1190	10914
0	51	LARI.LAR	0.167	303	2493
0	51	PICE.GLA	0.125	975	10790
0	51	PICE.MAR	0.091	778	7981
0	51	PICE.RUB	0.091	2049	12576
0	51	PINU.BAN	0.167	1171	9062
0	51	PINU.RES	0.2	1236	10178
0	51	PINU.STR	0.125	1054	7888
0	51	POPU.TRE	0.167	1031	7065
0	51	QUER.RUB	0.111	1520	14306
0	51	THUJ.SPP.ALL	0.091	791	6668
0	51	TSUG.CAN	0.083	692	6802
0	52	ABIE.BAL	0.143	515	3308
0	52	ACER.RUB	0.167	728	5930
0	52	ACER.SAH	0.143	831	7170
0	52	BETU.ALL	0.143	665	5466
0	52	BETU.PAP	0.25	424	3136
0	52	FAGU.GRA	0.125	1059	10417
0	52	LARI.LAR	0.167	281	1975
0	52	PICE.GLA	0.111	737	9352
0	52	PICE.MAR	0.091	658	6597
0	52	PICE.RUB	0.1	2446	11361
0	52	PINU.BAN	0.2	980	8753
0	52	PINU.RES	0.143	1187	9926
0	52	PINU.STR	0.167	886	7722
0	52	POPU.TRE	0.25	794	6482
0	52	QUER.RUB	0.125	887	12144
0	52	THUJ.SPP.ALL	0.1	728	6714
0	52	TSUG.CAN	0.091	607	6646
0	53	ABIE.BAL	0.143	482	3621
0	53	ACER.RUB	0.167	921	6198
0	53	ACER.SAH	0.143	998	8341
0	53	BETU.ALL	0.143	831	6340
0	53	BETU.PAP	0.25	543	3414
0	53	FAGU.GRA	0.125	1246	10577
0	53	LARI.LAR	0.167	275	2432
0	53	PICE.GLA	0.111	1021	10245
0	53	PICE.MAR	0.091	703	7868
0	53	PICE.RUB	0.1	1829	12000
0	53	PINU.BAN	0.25	1105	8908
0	53	PINU.RES	0.143	1320	10189
0	53	PINU.STR	0.143	1064	8143
0	53	POPU.TRE	0.167	1005	7066
0	53	QUER.RUB	0.125	1558	14750
0	53	THUJ.SPP.ALL	0.1	822	6534
0	53	TSUG.CAN	0.091	711	6778
0	54	ABIE.BAL	0.143	452	3647
0	54	ACER.RUB	0.167	882	5915
0	54	ACER.SAH	0.143	1267	8656
0	54	BETU.ALL	0.143	793	6095
0	54	BETU.PAP	0.25	512	3341
0	54	FAGU.GRA	0.125	1204	10887
0	54	LARI.LAR	0.167	349	2448
0	54	PICE.GLA	0.111	969	10638
0	54	PICE.MAR	0.091	593	7647
0	54	PICE.RUB	0.1	1889	11900
0	54	PINU.BAN	0.2	1101	8850
0	54	PINU.RES	0.143	1289	9942
0	54	PINU.STR	0.167	986	8279
0	54	POPU.TRE	0.25	923	6884
0	54	QUER.RUB	0.125	1700	14220
0	54	THUJ.SPP.ALL	0.1	775	6529
0	54	TSUG.CAN	0.091	716	7034
0	55	ABIE.BAL	0.143	415	3230
0	55	ACER.RUB	0.167	747	5556
0	55	ACER.SAH	0.143	717	6464
0	55	BETU.ALL	0.143	683	5607
0	55	BETU.PAP	0.25	438	3150
0	55	FAGU.GRA	0.125	1047	10666
0	55	LARI.LAR	0.167	291	2080
0	55	PICE.GLA	0.111	758	9752
0	55	PICE.MAR	0.091	705	6562
0	55	PICE.RUB	0.1	1813	11573
0	55	PINU.BAN	0.2	987	8621
0	55	PINU.RES	0.143	1165	9811
0	55	PINU.STR	0.167	878	7916
0	55	POPU.TRE	0.25	824	6546
0	55	QUER.RUB	0.125	1055	13434
0	55	THUJ.SPP.ALL	0.1	711	6463
0	55	TSUG.CAN	0.091	650	6470
0	56	ABIE.BAL	0.143	498	3392
0	56	ACER.RUB	0.143	717	5515
0	56	ACER.SAH	0.125	738	7149
0	56	BETU.ALL	0.143	636	5826
0	56	BETU.PAP	0.25	440	3158
0	56	FAGU.GRA	0.125	1008	10617
0	56	LARI.LAR	0.167	302	2109
0	56	PICE.GLA	0.125	663	9859
0	56	PICE.MAR	0.091	611	7060
0	56	PICE.RUB	0.091	2189	11721
0	56	PINU.BAN	0.167	998	8697
0	56	PINU.RES	0.2	1130	9780
0	56	PINU.STR	0.125	889	7546
0	56	POPU.TRE	0.167	822	6623
0	56	QUER.RUB	0.111	1147	12359
0	56	THUJ.SPP.ALL	0.091	676	6256
0	56	TSUG.CAN	0.083	568	6359
0	57	ABIE.BAL	0.125	599	3926
0	57	ACER.RUB	0.143	911	6138
0	57	ACER.SAH	0.125	1110	8715
0	57	BETU.ALL	0.125	938	6008
0	57	BETU.PAP	0.25	559	3475
0	57	FAGU.GRA	0.125	1189	10952
0	57	LARI.LAR	0.167	293	2533
0	57	PICE.GLA	0.111	1075	10629
0	57	PICE.MAR	0.1	859	8775
0	57	PICE.RUB	0.091	1681	12873
0	57	PINU.BAN	0.167	1251	8895
0	57	PINU.RES	0.167	1286	10410
0	57	PINU.STR	0.111	1030	7822
0	57	POPU.TRE	0.167	1124	7112
0	57	QUER.RUB	0.1	1376	14100
0	57	THUJ.SPP.ALL	0.091	748	6569
0	57	TSUG.CAN	0.071	714	6779
0	58	ABIE.BAL	0.143	619	3483
0	58	ACER.RUB	0.167	796	5848
0	58	ACER.SAH	0.143	950	7379
0	58	BETU.ALL	0.143	721	5802
0	58	BETU.PAP	0.2	476	3250
0	58	FAGU.GRA	0.125	1151	10276
0	58	LARI.LAR	0.167	276	2140
0	58	PICE.GLA	0.111	842	9944
0	58	PICE.MAR	0.091	552	6955
0	58	PICE.RUB	0.091	1805	11527
0	58	PINU.BAN	0.167	1098	8734
0	58	PINU.RES	0.143	1235	10010
0	58	PINU.STR	0.167	949	8352
0	58	POPU.TRE	0.25	889	6794
0	58	QUER.RUB	0.125	1382	13728
0	58	THUJ.SPP.ALL	0.1	725	6472
0	58	TSUG.CAN	0.091	674	6664
0	59	ABIE.BAL	0.125	502	3591
0	59	ACER.RUB	0.25	861	6044
0	59	ACER.SAH	0.143	1087	8299
0	59	BETU.ALL	0.125	832	6034
0	59	BETU.PAP	0.2	508	3308
0	59	FAGU.GRA	0.143	1213	10654
0	59	LARI.LAR	0.2	291	2273
0	59	PICE.GLA	0.111	943	10316
0	59	PICE.MAR	0.091	755	7407
0	59	PICE.RUB	0.091	1780	11690
0	59	PINU.BAN	0.2	1104	8736
0	59	PINU.RES	0.143	1281	9723
0	59	PINU.STR	0.167	1031	8140
0	59	POPU.TRE	0.25	988	6936
0	59	QUER.RUB	0.143	1638	14057
0	59	THUJ.SPP.ALL	0.091	860	6477
0	59	TSUG.CAN	0.091	752	6896
0	60	ABIE.BAL	0.143	662	3454
0	60	ACER.RUB	0.167	788	5879
0	60	ACER.SAH	0.143	712	6953
0	60	BETU.ALL	0.143	718	5975
0	60	BETU.PAP	0.25	492	3275
0	60	FAGU.GRA	0.125	1107	10678
0	60	LARI.LAR	0.167	316	2203
0	60	PICE.GLA	0.111	836	9646
0	60	PICE.MAR	0.091	637	7368
0	60	PICE.RUB	0.1	2199	12037
0	60	PINU.BAN	0.2	1040	8806
0	60	PINU.RES	0.143	1214	9914
0	60	PINU.STR	0.143	952	7956
0	60	POPU.TRE	0.25	891	6658
0	60	QUER.RUB	0.125	1334	14748
0	60	THUJ.SPP.ALL	0.1	723	6424
0	60	TSUG.CAN	0.091	633	6543
0	61	ABIE.BAL	0.143	523	3809
0	61	ACER.RUB	0.167	937	6092
0	61	ACER.SAH	0.143	1360	8855
0	61	BETU.ALL	0.143	885	5986
0	61	BETU.PAP	0.25	543	3459
0	61	FAGU.GRA	0.125	1229	10926
0	61	LARI.LAR	0.167	299	2564
0	61	PICE.GLA	0.111	1038	10299
0	61	PICE.MAR	0.091	774	8171
0	61	PICE.RUB	0.1	1799	12860
0	61	PINU.BAN	0.2	1177	8956
0	61	PINU.RES	0.143	1306	10115
0	61	PINU.STR	0.143	1069	8125
0	61	POPU.TRE	0.167	1102	7045
0	61	QUER.RUB	0.125	1697	14627
0	61	THUJ.SPP.ALL	0.1	753	6618
0	61	TSUG.CAN	0.091	680	7048
0	62	ABIE.BAL	0.143	511	3805
0	62	ACER.RUB	0.143	943	6095
0	62	ACER.SAH	0.143	1091	8305
0	62	BETU.ALL	0.143	889	6139
0	62	BETU.PAP	0.25	546	3384
0	62	FAGU.GRA	0.125	1233	11341
0	62	LARI.LAR	0.167	338	2434
0	62	PICE.GLA	0.125	1026	10483
0	62	PICE.MAR	0.1	883	8295
0	62	PICE.RUB	0.091	1795	12303
0	62	PINU.BAN	0.167	1221	8883
0	62	PINU.RES	0.2	1250	9963
0	62	PINU.STR	0.125	1063	7778
0	62	POPU.TRE	0.167	1017	7029
0	62	QUER.RUB	0.111	1311	14023
0	62	THUJ.SPP.ALL	0.1	746	6545
0	62	TSUG.CAN	0.083	683	6879
0	63	ABIE.BAL	0.125	580	3772
0	63	ACER.RUB	0.143	772	5849
0	63	ACER.SAH	0.125	1008	8671
0	63	BETU.ALL	0.125	770	6015
0	63	BETU.PAP	0.167	523	3342
0	63	FAGU.GRA	0.111	1081	10508
0	63	LARI.LAR	0.167	297	2274
0	63	PICE.GLA	0.111	811	9975
0	63	PICE.MAR	0.1	851	8203
0	63	PICE.RUB	0.091	1475	12193
0	63	PINU.BAN	0.167	1091	8757
0	63	PINU.RES	0.143	1221	10011
0	63	PINU.STR	0.111	881	7468
0	63	POPU.TRE	0.167	932	6766
0	63	QUER.RUB	0.1	1302	12615
0	63	THUJ.SPP.ALL	0.091	660	6137
0	63	TSUG.CAN	0.071	555	6349
0	64	ABIE.BAL	0.125	558	4023
0	64	ACER.RUB	0.143	894	6026
0	64	ACER.SAH	0.125	1116	8311
0	64	BETU.ALL	0.125	956	6169
0	64	BETU.PAP	0.25	587	3488
0	64	FAGU.GRA	0.125	1202	10067
0	64	LARI.LAR	0.167	317	2617
0	64	PICE.GLA	0.111	1055	10626
0	64	PICE.MAR	0.1	864	8845
0	64	PICE.RUB	0.091	1627	13384
0	64	PINU.BAN	0.167	1229	9038
0	64	PINU.RES	0.143	1358	10019
0	64	PINU.STR	0.111	1008	7691
0	64	POPU.TRE	0.167	1145	7285
0	64	QUER.RUB	0.1	1512	14236
0	64	THUJ.SPP.ALL	0.091	732	6475
0	64	TSUG.CAN	0.071	679	6670
0	65	ABIE.BAL	0.125	545	3653
0	65	ACER.RUB	0.143	719	5862
0	65	ACER.SAH	0.125	898	8235
0	65	BETU.ALL	0.125	746	5883
0	65	BETU.PAP	0.167	501	3270
0	65	FAGU.GRA	0.111	1044	9660
0	65	LARI.LAR	0.167	251	2210
0	65	PICE.GLA	0.111	748	9812
0	65	PICE.MAR	0.091	773	7807
0	65	PICE.RUB	0.091	2049	12142
0	65	PINU.BAN	0.167	1008	8868
0	65	PINU.RES	0.143	1161	9836
0	65	PINU.STR	0.111	844	7493
0	65	POPU.TRE	0.167	871	6711
0	65	QUER.RUB	0.1	1129	12554
0	65	THUJ.SPP.ALL	0.091	612	6081
0	65	TSUG.CAN	0.071	511	5967
0	66	ABIE.BAL	0.125	556	4006
0	66	ACER.RUB	0.143	915	6076
0	66	ACER.SAH	0.125	1051	8620
0	66	BETU.ALL	0.125	974	6258
0	66	BETU.PAP	0.25	564	3553
0	66	FAGU.GRA	0.125	1167	10434
0	66	LARI.LAR	0.167	301	2513
0	66	PICE.GLA	0.111	998	10742
0	66	PICE.MAR	0.1	879	8839
0	66	PICE.RUB	0.091	1569	13083
0	66	PINU.BAN	0.167	1215	8977
0	66	PINU.RES	0.143	1326	10206
0	66	PINU.STR	0.111	993	7789
0	66	POPU.TRE	0.167	1062	6976
0	66	QUER.RUB	0.1	1501	13918
0	66	THUJ.SPP.ALL	0.091	696	6296
0	66	TSUG.CAN	0.071	636	6593
0	98	ABIE.BAL	0.125	467	3461
0	98	ACER.RUB	0.143	734	5628
0	98	ACER.SAH	0.125	861	7619
0	98	BETU.ALL	0.125	741	5801
0	98	BETU.PAP	0.25	449	3239
0	98	FAGU.GRA	0.125	963	10411
0	98	LARI.LAR	0.143	311	2060
0	98	PICE.GLA	0.111	657	9315
0	98	PICE.MAR	0.1	684	7292
0	98	PICE.RUB	0.091	2604	12285
0	98	PINU.BAN	0.167	995	8821
0	98	PINU.RES	0.167	1114	9957
0	98	PINU.STR	0.111	841	7453
0	98	POPU.TRE	0.167	860	6530
0	98	QUER.RUB	0.091	978	12745
0	98	THUJ.SPP.ALL	0.091	557	6017
0	98	TSUG.CAN	0.071	546	5836
0	99	ABIE.BAL	0.125	670	3136
0	99	ACER.RUB	0.143	677	5587
0	99	ACER.SAH	0.125	717	5973
0	99	BETU.ALL	0.125	660	5426
0	99	BETU.PAP	0.25	418	3057
0	99	FAGU.GRA	0.125	911	10090
0	99	LARI.LAR	0.167	262	1665
0	99	PICE.GLA	0.111	596	8939
0	99	PICE.MAR	0.1	822	6274
0	99	PICE.RUB	0.083	2686	11614
0	99	PINU.BAN	0.167	958	8740
0	99	PINU.RES	0.167	1066	9624
0	99	PINU.STR	0.111	837	7204
0	99	POPU.TRE	0.167	753	6361
0	99	QUER.RUB	0.091	1391	10442
0	99	THUJ.SPP.ALL	0.091	533	6010
0	99	TSUG.CAN	0.077	454	5818
0	108	ABIE.BAL	0.125	670	3442
0	108	ACER.RUB	0.143	758	5832
0	108	ACER.SAH	0.125	881	7253
0	108	BETU.ALL	0.125	724	5687
0	108	BETU.PAP	0.25	446	3294
0	108	FAGU.GRA	0.125	1010	10178
0	108	LARI.LAR	0.143	340	1928
0	108	PICE.GLA	0.111	696	9445
0	108	PICE.MAR	0.1	811	7189
0	108	PICE.RUB	0.091	2535	12260
0	108	PINU.BAN	0.167	1002	8709
0	108	PINU.RES	0.167	1146	9939
0	108	PINU.STR	0.111	891	7327
0	108	POPU.TRE	0.167	839	6709
0	108	QUER.RUB	0.1	952	12345
0	108	THUJ.SPP.ALL	0.091	596	6224
0	108	TSUG.CAN	0.071	519	6210
0	109	ABIE.BAL	0.125	545	3759
0	109	ACER.RUB	0.143	804	5906
0	109	ACER.SAH	0.125	1087	8789
0	109	BETU.ALL	0.125	812	6051
0	109	BETU.PAP	0.167	504	3239
0	109	FAGU.GRA	0.125	980	10474
0	109	LARI.LAR	0.167	273	2342
0	109	PICE.GLA	0.111	814	9777
0	109	PICE.MAR	0.1	903	8177
0	109	PICE.RUB	0.091	2131	12339
0	109	PINU.BAN	0.167	1065	8882
0	109	PINU.RES	0.143	1165	9978
0	109	PINU.STR	0.111	860	7677
0	109	POPU.TRE	0.167	949	6858
0	109	QUER.RUB	0.1	1195	13520
0	109	THUJ.SPP.ALL	0.091	628	6156
0	109	TSUG.CAN	0.071	530	6484
0	110	ABIE.BAL	0.125	524	4188
0	110	ACER.RUB	0.143	927	6174
0	110	ACER.SAH	0.125	1290	8531
0	110	BETU.ALL	0.125	910	6250
0	110	BETU.PAP	0.167	584	3522
0	110	FAGU.GRA	0.111	1191	10042
0	110	LARI.LAR	0.167	275	2553
0	110	PICE.GLA	0.111	1097	11062
0	110	PICE.MAR	0.091	835	9039
0	110	PICE.RUB	0.091	1584	13490
0	110	PINU.BAN	0.167	1235	9016
0	110	PINU.RES	0.143	1351	10209
0	110	PINU.STR	0.1	976	7862
0	110	POPU.TRE	0.167	1089	7140
0	110	QUER.RUB	0.091	1331	13906
0	110	THUJ.SPP.ALL	0.091	694	6538
0	110	TSUG.CAN	0.067	609	6314
0	111	ABIE.BAL	0.125	554	3489
0	111	ACER.RUB	0.143	689	5640
0	111	ACER.SAH	0.125	979	7687
0	111	BETU.ALL	0.125	699	5672
0	111	BETU.PAP	0.167	448	3130
0	111	FAGU.GRA	0.111	922	10198
0	111	LARI.LAR	0.167	277	2058
0	111	PICE.GLA	0.111	659	9374
0	111	PICE.MAR	0.091	703	7724
0	111	PICE.RUB	0.091	2103	12013
0	111	PINU.BAN	0.167	985	8763
0	111	PINU.RES	0.143	1104	9811
0	111	PINU.STR	0.1	780	7040
0	111	POPU.TRE	0.167	834	6619
0	111	QUER.RUB	0.083	1532	11214
0	111	THUJ.SPP.ALL	0.091	530	5847
0	111	TSUG.CAN	0.067	425	5768
0	112	ABIE.BAL	0.125	565	3755
0	112	ACER.RUB	0.143	733	5778
0	112	ACER.SAH	0.125	979	7899
0	112	BETU.ALL	0.125	746	5764
0	112	BETU.PAP	0.167	470	3212
0	112	FAGU.GRA	0.111	953	10271
0	112	LARI.LAR	0.167	264	2330
0	112	PICE.GLA	0.111	712	9341
0	112	PICE.MAR	0.083	669	8378
0	112	PICE.RUB	0.091	2337	12393
0	112	PINU.BAN	0.167	986	8751
0	112	PINU.RES	0.143	1129	9700
0	112	PINU.STR	0.1	781	7154
0	112	POPU.TRE	0.167	886	6751
0	112	QUER.RUB	0.083	1014	13321
0	112	THUJ.SPP.ALL	0.091	561	5959
0	112	TSUG.CAN	0.067	446	5772
0	113	ABIE.BAL	0.125	651	3747
0	113	ACER.RUB	0.143	677	5439
0	113	ACER.SAH	0.125	1117	7227
0	113	BETU.ALL	0.125	745	5574
0	113	BETU.PAP	0.167	475	3269
0	113	FAGU.GRA	0.111	934	10301
0	113	LARI.LAR	0.167	266	2173
0	113	PICE.GLA	0.111	690	9462
0	113	PICE.MAR	0.091	734	7904
0	113	PICE.RUB	0.083	1656	11758
0	113	PINU.BAN	0.167	962	8736
0	113	PINU.RES	0.143	1108	10207
0	113	PINU.STR	0.1	739	6702
0	113	POPU.TRE	0.167	875	6573
0	113	QUER.RUB	0.083	1207	11127
0	113	THUJ.SPP.ALL	0.091	519	6062
0	113	TSUG.CAN	0.067	398	5486
0	114	ABIE.BAL	0.125	519	3865
0	114	ACER.RUB	0.143	695	5439
0	114	ACER.SAH	0.125	958	7585
0	114	BETU.ALL	0.125	725	5722
0	114	BETU.PAP	0.167	494	3251
0	114	FAGU.GRA	0.111	921	10240
0	114	LARI.LAR	0.167	238	2372
0	114	PICE.GLA	0.111	652	9621
0	114	PICE.MAR	0.091	763	8391
0	114	PICE.RUB	0.083	1896	12579
0	114	PINU.BAN	0.167	994	8725
0	114	PINU.RES	0.143	1096	10065
0	114	PINU.STR	0.1	732	6681
0	114	POPU.TRE	0.167	853	6686
0	114	QUER.RUB	0.083	904	12385
0	114	THUJ.SPP.ALL	0.091	549	5876
0	114	TSUG.CAN	0.067	399	5643
0	115	ABIE.BAL	0.125	497	3959
0	115	ACER.RUB	0.143	884	5875
0	115	ACER.SAH	0.125	1355	8680
0	115	BETU.ALL	0.125	873	6050
0	115	BETU.PAP	0.167	558	3508
0	115	FAGU.GRA	0.111	1130	10843
0	115	LARI.LAR	0.167	281	2537
0	115	PICE.GLA	0.111	971	10314
0	115	PICE.MAR	0.091	881	8910
0	115	PICE.RUB	0.083	1318	12305
0	115	PINU.BAN	0.167	1195	8924
0	115	PINU.RES	0.143	1298	10298
0	115	PINU.STR	0.1	893	7417
0	115	POPU.TRE	0.167	1006	7086
0	115	QUER.RUB	0.083	932	12707
0	115	THUJ.SPP.ALL	0.091	606	6284
0	115	TSUG.CAN	0.067	492	6390
0	116	ABIE.BAL	0.125	564	3446
0	116	ACER.RUB	0.143	661	5468
0	116	ACER.SAH	0.111	701	6966
0	116	BETU.ALL	0.125	698	5632
0	116	BETU.PAP	0.167	443	3212
0	116	FAGU.GRA	0.111	914	10142
0	116	LARI.LAR	0.167	279	2021
0	116	PICE.GLA	0.111	682	9294
0	116	PICE.MAR	0.091	839	7435
0	116	PICE.RUB	0.083	2304	11285
0	116	PINU.BAN	0.167	952	8671
0	116	PINU.RES	0.143	1094	9713
0	116	PINU.STR	0.1	660	6731
0	116	POPU.TRE	0.167	809	6548
0	116	QUER.RUB	0.083	1235	10556
0	116	THUJ.SPP.ALL	0.091	513	5887
0	116	TSUG.CAN	0.062	377	5492
0	117	ABIE.BAL	0.125	519	3844
0	117	ACER.RUB	0.143	692	5740
0	117	ACER.SAH	0.111	897	8172
0	117	BETU.ALL	0.125	734	6085
0	117	BETU.PAP	0.167	519	3282
0	117	FAGU.GRA	0.111	965	10111
0	117	LARI.LAR	0.167	290	2386
0	117	PICE.GLA	0.111	789	9736
0	117	PICE.MAR	0.091	781	8469
0	117	PICE.RUB	0.077	1284	12262
0	117	PINU.BAN	0.167	1012	8810
0	117	PINU.RES	0.143	1166	9679
0	117	PINU.STR	0.083	699	6553
0	117	POPU.TRE	0.167	919	6801
0	117	QUER.RUB	0.077	847	11927
0	117	THUJ.SPP.ALL	0.091	560	6142
0	117	TSUG.CAN	0.062	416	5512
0	118	ABIE.BAL	0.125	517	3788
0	118	ACER.RUB	0.143	764	5286
0	118	ACER.SAH	0.111	814	7755
0	118	BETU.ALL	0.125	693	5823
0	118	BETU.PAP	0.167	481	3250
0	118	FAGU.GRA	0.111	855	10453
0	118	LARI.LAR	0.167	315	2411
0	118	PICE.GLA	0.111	647	9352
0	118	PICE.MAR	0.091	749	8340
0	118	PICE.RUB	0.077	1882	11852
0	118	PINU.BAN	0.167	950	8653
0	118	PINU.RES	0.143	1086	9748
0	118	PINU.STR	0.083	564	6538
0	118	POPU.TRE	0.167	824	6689
0	118	QUER.RUB	0.067	859	12222
0	118	THUJ.SPP.ALL	0.091	524	5833
0	118	TSUG.CAN	0.059	376	5159
0	119	ABIE.BAL	0.125	567	3526
0	119	ACER.RUB	0.143	585	5255
0	119	ACER.SAH	0.111	742	6902
0	119	BETU.ALL	0.125	620	5391
0	119	BETU.PAP	0.167	405	3148
0	119	FAGU.GRA	0.111	807	10222
0	119	LARI.LAR	0.167	253	2100
0	119	PICE.GLA	0.111	590	8245
0	119	PICE.MAR	0.091	737	7759
0	119	PICE.RUB	0.077	1892	11445
0	119	PINU.BAN	0.167	887	8456
0	119	PINU.RES	0.143	1004	9492
0	119	PINU.STR	0.083	534	6455
0	119	POPU.TRE	0.167	711	6253
0	119	QUER.RUB	0.077	1052	10587
0	119	THUJ.SPP.ALL	0.091	510	5563
0	119	TSUG.CAN	0.062	394	5054
21	1	ABIE.BAL	0.083	303	1198
21	1	ACER.RUB	0.25	622	5345
21	1	ACER.SAH	0.091	1096	3365
21	1	BETU.ALL	0.1	367	4548
21	1	BETU.PAP	0.143	301	2650
21	1	FAGU.GRA	0.143	1060	10461
21	1	LARI.LAR	0.143	115	627
21	1	PICE.GLA	0.1	825	6921
21	1	PICE.MAR	0.071	185	1864
21	1	PICE.RUB	0.056	672	8045
21	1	PINU.BAN	0.143	672	7829
21	1	PINU.RES	0.125	893	9130
21	1	PINU.STR	0.143	860	8025
21	1	POPU.TRE	0.167	624	5874
21	1	QUER.RUB	0.1	1024	6222
21	1	THUJ.SPP.ALL	0.091	743	6403
21	1	TSUG.CAN	0.091	601	5385
21	2	ABIE.BAL	0.091	225	928
21	2	ACER.RUB	0.25	602	5204
21	2	ACER.SAH	0.1	793	3123
21	2	BETU.ALL	0.125	378	4633
21	2	BETU.PAP	0.167	301	2597
21	2	FAGU.GRA	0.143	992	10612
21	2	LARI.LAR	0.1	95	515
21	2	PICE.GLA	0.111	819	6805
21	2	PICE.MAR	0.067	290	1843
21	2	PICE.RUB	0.059	799	6804
21	2	PINU.BAN	0.143	662	7917
21	2	PINU.RES	0.143	866	9150
21	2	PINU.STR	0.167	827	7606
21	2	POPU.TRE	0.167	707	5637
21	2	QUER.RUB	0.111	1208	7395
21	2	THUJ.SPP.ALL	0.091	714	6405
21	2	TSUG.CAN	0.091	600	5255
21	3	ABIE.BAL	0.111	335	1748
21	3	ACER.RUB	0.25	697	5505
21	3	ACER.SAH	0.111	1052	3924
21	3	BETU.ALL	0.091	393	4567
21	3	BETU.PAP	0.143	304	2701
21	3	FAGU.GRA	0.143	1059	10991
21	3	LARI.LAR	0.111	214	853
21	3	PICE.GLA	0.1	728	7112
21	3	PICE.MAR	0.067	332	3185
21	3	PICE.RUB	0.045	824	9473
21	3	PINU.BAN	0.143	713	7518
21	3	PINU.RES	0.125	860	9092
21	3	PINU.STR	0.143	909	7877
21	3	POPU.TRE	0.167	615	6204
21	3	QUER.RUB	0.143	1584	8870
21	3	THUJ.SPP.ALL	0.091	712	6724
21	3	TSUG.CAN	0.091	594	5554
21	8	ABIE.BAL	0.111	459	2498
21	8	ACER.RUB	0.25	815	5775
21	8	ACER.SAH	0.111	856	6029
21	8	BETU.ALL	0.091	381	4363
21	8	BETU.PAP	0.143	366	2892
21	8	FAGU.GRA	0.125	1195	10330
21	8	LARI.LAR	0.143	333	1727
21	8	PICE.GLA	0.091	696	7489
21	8	PICE.MAR	0.067	532	4816
21	8	PICE.RUB	0.056	1356	9300
21	8	PINU.BAN	0.143	717	7284
21	8	PINU.RES	0.125	915	9071
21	8	PINU.STR	0.143	963	7924
21	8	POPU.TRE	0.167	856	6503
21	8	QUER.RUB	0.143	1354	11835
21	8	THUJ.SPP.ALL	0.091	743	6529
21	8	TSUG.CAN	0.083	595	5883
21	9	ABIE.BAL	0.1	407	2221
21	9	ACER.RUB	0.25	788	5804
21	9	ACER.SAH	0.111	2909	5494
21	9	BETU.ALL	0.091	377	4513
21	9	BETU.PAP	0.143	309	2749
21	9	FAGU.GRA	0.125	1147	10570
21	9	LARI.LAR	0.143	261	1257
21	9	PICE.GLA	0.091	723	7194
21	9	PICE.MAR	0.067	430	4212
21	9	PICE.RUB	0.045	1122	11317
21	9	PINU.BAN	0.143	777	7262
21	9	PINU.RES	0.125	875	9227
21	9	PINU.STR	0.143	932	7899
21	9	POPU.TRE	0.167	674	6293
21	9	QUER.RUB	0.143	2845	10666
21	9	THUJ.SPP.ALL	0.091	725	6605
21	9	TSUG.CAN	0.091	600	5558
21	10	ABIE.BAL	0.111	311	1486
21	10	ACER.RUB	0.25	739	5142
21	10	ACER.SAH	0.111	1300	3654
21	10	BETU.ALL	0.125	447	4962
21	10	BETU.PAP	0.167	296	2685
21	10	FAGU.GRA	0.143	908	10315
21	10	LARI.LAR	0.1	140	805
21	10	PICE.GLA	0.111	717	7277
21	10	PICE.MAR	0.083	317	3324
21	10	PICE.RUB	0.077	1210	12173
21	10	PINU.BAN	0.167	660	8081
21	10	PINU.RES	0.143	881	9343
21	10	PINU.STR	0.167	773	7755
21	10	POPU.TRE	0.2	612	5856
21	10	QUER.RUB	0.1	1069	8163
21	10	THUJ.SPP.ALL	0.091	689	6305
21	10	TSUG.CAN	0.091	565	5752
21	11	ABIE.BAL	0.1	485	1971
21	11	ACER.RUB	0.25	761	5462
21	11	ACER.SAH	0.111	983	4325
21	11	BETU.ALL	0.125	502	5146
21	11	BETU.PAP	0.167	358	2878
21	11	FAGU.GRA	0.143	1044	10547
21	11	LARI.LAR	0.143	187	1049
21	11	PICE.GLA	0.111	729	8356
21	11	PICE.MAR	0.071	353	3826
21	11	PICE.RUB	0.077	1447	10601
21	11	PINU.BAN	0.143	789	8204
21	11	PINU.RES	0.143	947	9339
21	11	PINU.STR	0.167	890	7807
21	11	POPU.TRE	0.167	726	6200
21	11	QUER.RUB	0.143	692	8744
21	11	THUJ.SPP.ALL	0.091	754	6483
21	11	TSUG.CAN	0.091	570	5948
21	12	ABIE.BAL	0.111	539	2029
21	12	ACER.RUB	0.25	681	5381
21	12	ACER.SAH	0.111	1585	4257
21	12	BETU.ALL	0.125	584	5369
21	12	BETU.PAP	0.167	389	2934
21	12	FAGU.GRA	0.143	986	10998
21	12	LARI.LAR	0.143	181	1146
21	12	PICE.GLA	0.111	752	8180
21	12	PICE.MAR	0.077	629	4582
21	12	PICE.RUB	0.083	3027	12629
21	12	PINU.BAN	0.167	800	8301
21	12	PINU.RES	0.143	962	9262
21	12	PINU.STR	0.167	856	8085
21	12	POPU.TRE	0.2	627	6286
21	12	QUER.RUB	0.125	5036	8648
21	12	THUJ.SPP.ALL	0.091	711	6396
21	12	TSUG.CAN	0.091	593	6066
21	13	ABIE.BAL	0.091	593	2325
21	13	ACER.RUB	0.25	806	5848
21	13	ACER.SAH	0.111	1822	4518
21	13	BETU.ALL	0.125	559	5061
21	13	BETU.PAP	0.167	393	2987
21	13	FAGU.GRA	0.143	1110	10781
21	13	LARI.LAR	0.143	229	1241
21	13	PICE.GLA	0.111	764	8736
21	13	PICE.MAR	0.083	475	4603
21	13	PICE.RUB	0.077	1517	9981
21	13	PINU.BAN	0.167	859	8266
21	13	PINU.RES	0.143	1015	9635
21	13	PINU.STR	0.167	934	8073
21	13	POPU.TRE	0.2	793	6409
21	13	QUER.RUB	0.125	2279	9596
21	13	THUJ.SPP.ALL	0.091	793	6386
21	13	TSUG.CAN	0.091	588	6405
21	14	ABIE.BAL	0.111	456	2886
21	14	ACER.RUB	0.25	772	5585
21	14	ACER.SAH	0.111	915	5442
21	14	BETU.ALL	0.125	577	5134
21	14	BETU.PAP	0.167	436	2988
21	14	FAGU.GRA	0.143	976	10448
21	14	LARI.LAR	0.143	229	1545
21	14	PICE.GLA	0.111	732	8944
21	14	PICE.MAR	0.083	654	5476
21	14	PICE.RUB	0.083	1748	10771
21	14	PINU.BAN	0.167	802	8268
21	14	PINU.RES	0.143	984	9314
21	14	PINU.STR	0.167	862	7856
21	14	POPU.TRE	0.2	757	6331
21	14	QUER.RUB	0.125	3480	11460
21	14	THUJ.SPP.ALL	0.091	726	6594
21	14	TSUG.CAN	0.091	562	6269
21	15	ABIE.BAL	0.111	471	2862
21	15	ACER.RUB	0.25	842	5964
21	15	ACER.SAH	0.111	1743	5544
21	15	BETU.ALL	0.125	604	5245
21	15	BETU.PAP	0.167	468	3022
21	15	FAGU.GRA	0.143	1136	10557
21	15	LARI.LAR	0.143	240	1663
21	15	PICE.GLA	0.111	774	8719
21	15	PICE.MAR	0.077	578	5366
21	15	PICE.RUB	0.071	1647	10870
21	15	PINU.BAN	0.143	822	8319
21	15	PINU.RES	0.143	990	9635
21	15	PINU.STR	0.167	929	8020
21	15	POPU.TRE	0.167	974	6603
21	15	QUER.RUB	0.143	1927	11435
21	15	THUJ.SPP.ALL	0.091	811	6295
21	15	TSUG.CAN	0.091	602	6518
21	41	ABIE.BAL	0.111	474	3059
21	41	ACER.RUB	0.2	638	5709
21	41	ACER.SAH	0.111	1134	5876
21	41	BETU.ALL	0.143	645	5724
21	41	BETU.PAP	0.2	406	3026
21	41	FAGU.GRA	0.125	947	10381
21	41	LARI.LAR	0.143	190	1646
21	41	PICE.GLA	0.111	711	9128
21	41	PICE.MAR	0.091	503	5946
21	41	PICE.RUB	0.091	1609	10813
21	41	PINU.BAN	0.2	891	8666
21	41	PINU.RES	0.2	920	9644
21	41	PINU.STR	0.143	847	7934
21	41	POPU.TRE	0.2	726	6388
21	41	QUER.RUB	0.111	1266	11810
21	41	THUJ.SPP.ALL	0.091	623	6004
21	41	TSUG.CAN	0.091	577	6046
21	42	ABIE.BAL	0.111	357	2289
21	42	ACER.RUB	0.2	539	5241
21	42	ACER.SAH	0.111	1159	4111
21	42	BETU.ALL	0.143	479	5304
21	42	BETU.PAP	0.2	315	2878
21	42	FAGU.GRA	0.125	878	10267
21	42	LARI.LAR	0.143	138	909
21	42	PICE.GLA	0.111	715	7824
21	42	PICE.MAR	0.083	480	4515
21	42	PICE.RUB	0.083	2010	13353
21	42	PINU.BAN	0.2	811	8570
21	42	PINU.RES	0.2	959	9316
21	42	PINU.STR	0.143	768	7639
21	42	POPU.TRE	0.2	602	5952
21	42	QUER.RUB	0.111	2223	8796
21	42	THUJ.SPP.ALL	0.091	568	6001
21	42	TSUG.CAN	0.091	548	5585
21	43	ABIE.BAL	0.091	517	1772
21	43	ACER.RUB	0.2	521	5058
21	43	ACER.SAH	0.091	883	3913
21	43	BETU.ALL	0.143	491	4973
21	43	BETU.PAP	0.2	304	2642
21	43	FAGU.GRA	0.125	795	10186
21	43	LARI.LAR	0.143	152	692
21	43	PICE.GLA	0.111	682	7136
21	43	PICE.MAR	0.083	261	2762
21	43	PICE.RUB	0.083	1361	12181
21	43	PINU.BAN	0.167	715	8265
21	43	PINU.RES	0.167	826	9435
21	43	PINU.STR	0.143	732	7702
21	43	POPU.TRE	0.143	680	5507
21	43	QUER.RUB	0.125	2292	10604
21	43	THUJ.SPP.ALL	0.091	575	5827
21	43	TSUG.CAN	0.091	499	5574
21	44	ABIE.BAL	0.111	599	2764
21	44	ACER.RUB	0.2	660	5500
21	44	ACER.SAH	0.111	1147	5462
21	44	BETU.ALL	0.143	615	5462
21	44	BETU.PAP	0.2	412	3051
21	44	FAGU.GRA	0.125	968	10559
21	44	LARI.LAR	0.143	191	1487
21	44	PICE.GLA	0.111	674	8715
21	44	PICE.MAR	0.083	600	5652
21	44	PICE.RUB	0.083	1734	10714
21	44	PINU.BAN	0.167	867	8509
21	44	PINU.RES	0.167	941	9586
21	44	PINU.STR	0.143	856	7749
21	44	POPU.TRE	0.2	717	6437
21	44	QUER.RUB	0.125	3748	10830
21	44	THUJ.SPP.ALL	0.091	626	5921
21	44	TSUG.CAN	0.091	570	6403
21	45	ABIE.BAL	0.111	456	1945
21	45	ACER.RUB	0.25	662	5370
21	45	ACER.SAH	0.111	860	3883
21	45	BETU.ALL	0.125	557	4995
21	45	BETU.PAP	0.167	329	2847
21	45	FAGU.GRA	0.143	964	10044
21	45	LARI.LAR	0.143	226	765
21	45	PICE.GLA	0.111	722	8117
21	45	PICE.MAR	0.083	351	3849
21	45	PICE.RUB	0.083	1943	13739
21	45	PINU.BAN	0.167	808	8416
21	45	PINU.RES	0.143	943	9565
21	45	PINU.STR	0.167	845	7770
21	45	POPU.TRE	0.2	623	6028
21	45	QUER.RUB	0.125	2077	8502
21	45	THUJ.SPP.ALL	0.091	626	6210
21	45	TSUG.CAN	0.091	574	5777
21	46	ABIE.BAL	0.111	487	2395
21	46	ACER.RUB	0.2	562	5321
21	46	ACER.SAH	0.111	1324	4531
21	46	BETU.ALL	0.143	559	5453
21	46	BETU.PAP	0.2	323	2809
21	46	FAGU.GRA	0.125	872	10126
21	46	LARI.LAR	0.143	193	1008
21	46	PICE.GLA	0.111	787	7599
21	46	PICE.MAR	0.077	566	4616
21	46	PICE.RUB	0.083	1750	11002
21	46	PINU.BAN	0.167	774	8236
21	46	PINU.RES	0.143	897	9261
21	46	PINU.STR	0.143	782	7527
21	46	POPU.TRE	0.2	585	5988
21	46	QUER.RUB	0.143	3100	8966
21	46	THUJ.SPP.ALL	0.091	597	5801
21	46	TSUG.CAN	0.091	581	5933
21	47	ABIE.BAL	0.111	413	1607
21	47	ACER.RUB	0.25	619	5006
21	47	ACER.SAH	0.111	1044	3599
21	47	BETU.ALL	0.125	425	5002
21	47	BETU.PAP	0.2	295	2758
21	47	FAGU.GRA	0.143	815	9897
21	47	LARI.LAR	0.143	106	651
21	47	PICE.GLA	0.111	795	7119
21	47	PICE.MAR	0.083	395	3410
21	47	PICE.RUB	0.083	1365	11081
21	47	PINU.BAN	0.167	678	8287
21	47	PINU.RES	0.143	868	9507
21	47	PINU.STR	0.143	773	7459
21	47	POPU.TRE	0.2	665	5670
21	47	QUER.RUB	0.125	1853	7741
21	47	THUJ.SPP.ALL	0.091	649	6063
21	47	TSUG.CAN	0.091	549	5675
21	48	ABIE.BAL	0.111	439	2380
21	48	ACER.RUB	0.25	729	5266
21	48	ACER.SAH	0.111	1677	4556
21	48	BETU.ALL	0.125	584	5267
21	48	BETU.PAP	0.167	374	2830
21	48	FAGU.GRA	0.143	917	10107
21	48	LARI.LAR	0.143	185	1088
21	48	PICE.GLA	0.111	698	8215
21	48	PICE.MAR	0.083	483	4560
21	48	PICE.RUB	0.083	1842	12343
21	48	PINU.BAN	0.167	791	8325
21	48	PINU.RES	0.143	920	9435
21	48	PINU.STR	0.167	790	7778
21	48	POPU.TRE	0.2	620	6148
21	48	QUER.RUB	0.125	4247	9688
21	48	THUJ.SPP.ALL	0.091	672	6325
21	48	TSUG.CAN	0.091	544	6009
21	49	ABIE.BAL	0.111	402	2049
21	49	ACER.RUB	0.25	803	5527
21	49	ACER.SAH	0.091	797	4349
21	49	BETU.ALL	0.125	555	5473
21	49	BETU.PAP	0.167	402	2881
21	49	FAGU.GRA	0.143	1012	10498
21	49	LARI.LAR	0.143	148	1174
21	49	PICE.GLA	0.111	724	8641
21	49	PICE.MAR	0.083	443	4127
21	49	PICE.RUB	0.083	2188	11180
21	49	PINU.BAN	0.167	840	8418
21	49	PINU.RES	0.143	985	9471
21	49	PINU.STR	0.167	882	7863
21	49	POPU.TRE	0.2	645	6195
21	49	QUER.RUB	0.125	2010	8832
21	49	THUJ.SPP.ALL	0.091	719	6621
21	49	TSUG.CAN	0.091	616	5969
21	50	ABIE.BAL	0.091	653	2847
21	50	ACER.RUB	0.2	661	5567
21	50	ACER.SAH	0.111	3080	5446
21	50	BETU.ALL	0.143	642	5332
21	50	BETU.PAP	0.2	419	3010
21	50	FAGU.GRA	0.125	939	10521
21	50	LARI.LAR	0.2	276	1541
21	50	PICE.GLA	0.111	714	8537
21	50	PICE.MAR	0.083	548	5713
21	50	PICE.RUB	0.083	1548	10431
21	50	PINU.BAN	0.2	849	8673
21	50	PINU.RES	0.167	948	9586
21	50	PINU.STR	0.143	838	7823
21	50	POPU.TRE	0.2	671	6399
21	50	QUER.RUB	0.143	3167	10924
21	50	THUJ.SPP.ALL	0.091	658	6119
21	50	TSUG.CAN	0.091	544	6164
21	51	ABIE.BAL	0.143	1129	3595
21	51	ACER.RUB	0.2	906	6056
21	51	ACER.SAH	0.143	1192	7786
21	51	BETU.ALL	0.143	772	5823
21	51	BETU.PAP	0.2	540	3292
21	51	FAGU.GRA	0.125	1170	10447
21	51	LARI.LAR	0.143	455	2087
21	51	PICE.GLA	0.111	863	10211
21	51	PICE.MAR	0.091	791	7063
21	51	PICE.RUB	0.091	4230	11896
21	51	PINU.BAN	0.2	1051	8880
21	51	PINU.RES	0.167	1148	10132
21	51	PINU.STR	0.143	993	8163
21	51	POPU.TRE	0.2	986	6884
21	51	QUER.RUB	0.111	1181	13443
21	51	THUJ.SPP.ALL	0.091	734	6569
21	51	TSUG.CAN	0.091	628	6803
21	52	ABIE.BAL	0.111	497	2966
21	52	ACER.RUB	0.25	701	5638
21	52	ACER.SAH	0.111	1544	5773
21	52	BETU.ALL	0.125	622	5431
21	52	BETU.PAP	0.2	421	3027
21	52	FAGU.GRA	0.143	968	10419
21	52	LARI.LAR	0.143	270	1639
21	52	PICE.GLA	0.111	737	8735
21	52	PICE.MAR	0.083	461	5354
21	52	PICE.RUB	0.083	1856	10316
21	52	PINU.BAN	0.167	833	8353
21	52	PINU.RES	0.143	974	9556
21	52	PINU.STR	0.143	845	7785
21	52	POPU.TRE	0.2	691	6372
21	52	QUER.RUB	0.1	3096	11131
21	52	THUJ.SPP.ALL	0.091	675	6399
21	52	TSUG.CAN	0.091	586	6184
21	53	ABIE.BAL	0.143	1049	3414
21	53	ACER.RUB	0.2	905	6006
21	53	ACER.SAH	0.111	1104	7684
21	53	BETU.ALL	0.125	826	5906
21	53	BETU.PAP	0.2	563	3317
21	53	FAGU.GRA	0.125	1185	10145
21	53	LARI.LAR	0.143	385	2144
21	53	PICE.GLA	0.111	883	9839
21	53	PICE.MAR	0.091	717	6724
21	53	PICE.RUB	0.083	2914	11453
21	53	PINU.BAN	0.167	1078	8722
21	53	PINU.RES	0.167	1183	9923
21	53	PINU.STR	0.143	1039	7986
21	53	POPU.TRE	0.2	997	6740
21	53	QUER.RUB	0.125	1401	13204
21	53	THUJ.SPP.ALL	0.091	744	6624
21	53	TSUG.CAN	0.091	649	6620
21	54	ABIE.BAL	0.125	908	3409
21	54	ACER.RUB	0.25	847	5978
21	54	ACER.SAH	0.143	1248	7679
21	54	BETU.ALL	0.125	772	5578
21	54	BETU.PAP	0.167	537	3223
21	54	FAGU.GRA	0.143	1138	10824
21	54	LARI.LAR	0.167	341	2047
21	54	PICE.GLA	0.111	812	9610
21	54	PICE.MAR	0.091	649	6549
21	54	PICE.RUB	0.091	1957	11433
21	54	PINU.BAN	0.167	994	8598
21	54	PINU.RES	0.143	1105	9760
21	54	PINU.STR	0.143	987	8209
21	54	POPU.TRE	0.2	943	6736
21	54	QUER.RUB	0.125	1022	13863
21	54	THUJ.SPP.ALL	0.091	716	6307
21	54	TSUG.CAN	0.091	641	6860
21	55	ABIE.BAL	0.125	590	2987
21	55	ACER.RUB	0.25	718	5627
21	55	ACER.SAH	0.111	1184	5527
21	55	BETU.ALL	0.125	647	5508
21	55	BETU.PAP	0.167	385	3002
21	55	FAGU.GRA	0.143	919	10478
21	55	LARI.LAR	0.143	208	1618
21	55	PICE.GLA	0.111	705	8457
21	55	PICE.MAR	0.083	710	5572
21	55	PICE.RUB	0.083	1758	10305
21	55	PINU.BAN	0.167	835	8455
21	55	PINU.RES	0.143	947	9593
21	55	PINU.STR	0.143	830	7920
21	55	POPU.TRE	0.2	677	6343
21	55	QUER.RUB	0.143	1453	11336
21	55	THUJ.SPP.ALL	0.091	654	6237
21	55	TSUG.CAN	0.091	571	6150
21	56	ABIE.BAL	0.111	474	3145
21	56	ACER.RUB	0.167	705	5491
21	56	ACER.SAH	0.143	723	5798
21	56	BETU.ALL	0.143	642	5691
21	56	BETU.PAP	0.2	450	3072
21	56	FAGU.GRA	0.125	948	10379
21	56	LARI.LAR	0.2	275	1799
21	56	PICE.GLA	0.111	705	8601
21	56	PICE.MAR	0.083	532	6136
21	56	PICE.RUB	0.083	1473	11159
21	56	PINU.BAN	0.2	886	8505
21	56	PINU.RES	0.2	1008	9522
21	56	PINU.STR	0.143	828	7898
21	56	POPU.TRE	0.2	717	6358
21	56	QUER.RUB	0.111	2136	11354
21	56	THUJ.SPP.ALL	0.091	649	6020
21	56	TSUG.CAN	0.091	552	6244
21	57	ABIE.BAL	0.143	1073	3697
21	57	ACER.RUB	0.167	941	5850
21	57	ACER.SAH	0.143	1591	8868
21	57	BETU.ALL	0.143	883	6132
21	57	BETU.PAP	0.2	580	3339
21	57	FAGU.GRA	0.125	1196	10669
21	57	LARI.LAR	0.2	468	2111
21	57	PICE.GLA	0.111	876	10148
21	57	PICE.MAR	0.083	932	7597
21	57	PICE.RUB	0.091	4004	12548
21	57	PINU.BAN	0.2	1139	8835
21	57	PINU.RES	0.143	1230	10090
21	57	PINU.STR	0.143	1027	8073
21	57	POPU.TRE	0.167	1094	6937
21	57	QUER.RUB	0.143	1165	13973
21	57	THUJ.SPP.ALL	0.091	703	6503
21	57	TSUG.CAN	0.091	624	7081
21	58	ABIE.BAL	0.111	562	3046
21	58	ACER.RUB	0.25	739	5668
21	58	ACER.SAH	0.111	886	6025
21	58	BETU.ALL	0.125	669	5377
21	58	BETU.PAP	0.167	447	2986
21	58	FAGU.GRA	0.143	1012	10113
21	58	LARI.LAR	0.143	217	1756
21	58	PICE.GLA	0.111	707	8881
21	58	PICE.MAR	0.083	616	5840
21	58	PICE.RUB	0.083	1621	10569
21	58	PINU.BAN	0.167	872	8452
21	58	PINU.RES	0.143	1012	9512
21	58	PINU.STR	0.167	885	8000
21	58	POPU.TRE	0.2	770	6446
21	58	QUER.RUB	0.143	894	12747
21	58	THUJ.SPP.ALL	0.091	682	6282
21	58	TSUG.CAN	0.091	579	6538
21	59	ABIE.BAL	0.111	482	3104
21	59	ACER.RUB	0.25	872	6031
21	59	ACER.SAH	0.111	860	6724
21	59	BETU.ALL	0.125	634	5367
21	59	BETU.PAP	0.167	513	3109
21	59	FAGU.GRA	0.143	1127	10573
21	59	LARI.LAR	0.143	284	1809
21	59	PICE.GLA	0.111	810	8769
21	59	PICE.MAR	0.083	550	5848
21	59	PICE.RUB	0.077	1214	10246
21	59	PINU.BAN	0.143	894	8301
21	59	PINU.RES	0.143	1044	9854
21	59	PINU.STR	0.167	957	8065
21	59	POPU.TRE	0.167	984	6722
21	59	QUER.RUB	0.143	1405	13193
21	59	THUJ.SPP.ALL	0.091	732	6457
21	59	TSUG.CAN	0.091	592	6303
21	60	ABIE.BAL	0.111	543	3028
21	60	ACER.RUB	0.25	741	5856
21	60	ACER.SAH	0.143	905	5905
21	60	BETU.ALL	0.125	664	5416
21	60	BETU.PAP	0.2	430	3081
21	60	FAGU.GRA	0.143	1028	10395
21	60	LARI.LAR	0.143	213	1790
21	60	PICE.GLA	0.111	752	9087
21	60	PICE.MAR	0.083	622	5964
21	60	PICE.RUB	0.091	1777	11314
21	60	PINU.BAN	0.167	928	8517
21	60	PINU.RES	0.143	1026	9354
21	60	PINU.STR	0.143	899	7933
21	60	POPU.TRE	0.2	734	6484
21	60	QUER.RUB	0.125	3591	11568
21	60	THUJ.SPP.ALL	0.091	682	6645
21	60	TSUG.CAN	0.091	580	6300
21	61	ABIE.BAL	0.143	1010	3522
21	61	ACER.RUB	0.25	853	6032
21	61	ACER.SAH	0.111	1126	7939
21	61	BETU.ALL	0.125	779	5565
21	61	BETU.PAP	0.2	537	3250
21	61	FAGU.GRA	0.125	1174	10689
21	61	LARI.LAR	0.167	403	2145
21	61	PICE.GLA	0.111	872	9700
21	61	PICE.MAR	0.091	1062	6738
21	61	PICE.RUB	0.091	2756	11823
21	61	PINU.BAN	0.167	1067	8699
21	61	PINU.RES	0.143	1146	10147
21	61	PINU.STR	0.143	1015	8095
21	61	POPU.TRE	0.2	999	6805
21	61	QUER.RUB	0.125	1155	14072
21	61	THUJ.SPP.ALL	0.091	709	6386
21	61	TSUG.CAN	0.091	656	7102
21	62	ABIE.BAL	0.111	898	3439
21	62	ACER.RUB	0.167	925	5820
21	62	ACER.SAH	0.111	980	7008
21	62	BETU.ALL	0.143	793	5758
21	62	BETU.PAP	0.2	555	3282
21	62	FAGU.GRA	0.125	1221	10502
21	62	LARI.LAR	0.143	380	2019
21	62	PICE.GLA	0.111	893	10291
21	62	PICE.MAR	0.083	816	6791
21	62	PICE.RUB	0.083	3993	11863
21	62	PINU.BAN	0.2	1099	8873
21	62	PINU.RES	0.167	1190	9995
21	62	PINU.STR	0.143	1010	8054
21	62	POPU.TRE	0.2	1003	6776
21	62	QUER.RUB	0.111	1285	13962
21	62	THUJ.SPP.ALL	0.091	703	6632
21	62	TSUG.CAN	0.091	633	6534
21	63	ABIE.BAL	0.125	969	3543
21	63	ACER.RUB	0.167	736	5762
21	63	ACER.SAH	0.125	1033	7357
21	63	BETU.ALL	0.125	786	5820
21	63	BETU.PAP	0.25	467	3183
21	63	FAGU.GRA	0.125	997	10446
21	63	LARI.LAR	0.167	366	2057
21	63	PICE.GLA	0.111	755	9677
21	63	PICE.MAR	0.091	876	7287
21	63	PICE.RUB	0.091	3414	12117
21	63	PINU.BAN	0.167	1060	8747
21	63	PINU.RES	0.143	1133	9814
21	63	PINU.STR	0.143	892	7794
21	63	POPU.TRE	0.167	747	6744
21	63	QUER.RUB	0.111	1138	13598
21	63	THUJ.SPP.ALL	0.091	644	6116
21	63	TSUG.CAN	0.083	583	6345
21	64	ABIE.BAL	0.111	889	3757
21	64	ACER.RUB	0.167	990	6069
21	64	ACER.SAH	0.125	1040	8382
21	64	BETU.ALL	0.125	925	6287
21	64	BETU.PAP	0.25	578	3393
21	64	FAGU.GRA	0.125	1208	10464
21	64	LARI.LAR	0.167	462	2264
21	64	PICE.GLA	0.111	924	10785
21	64	PICE.MAR	0.083	922	7366
21	64	PICE.RUB	0.091	3434	12711
21	64	PINU.BAN	0.2	1163	8865
21	64	PINU.RES	0.143	1257	10147
21	64	PINU.STR	0.143	1044	8274
21	64	POPU.TRE	0.167	1129	6987
21	64	QUER.RUB	0.111	1333	13837
21	64	THUJ.SPP.ALL	0.091	685	6425
21	64	TSUG.CAN	0.083	671	6784
21	65	ABIE.BAL	0.125	911	3288
21	65	ACER.RUB	0.167	698	5806
21	65	ACER.SAH	0.125	708	6339
21	65	BETU.ALL	0.125	726	5560
21	65	BETU.PAP	0.25	472	3113
21	65	FAGU.GRA	0.125	952	10059
21	65	LARI.LAR	0.167	351	1885
21	65	PICE.GLA	0.111	719	9309
21	65	PICE.MAR	0.083	666	6809
21	65	PICE.RUB	0.083	3733	11922
21	65	PINU.BAN	0.167	999	8800
21	65	PINU.RES	0.143	1075	9761
21	65	PINU.STR	0.143	845	7825
21	65	POPU.TRE	0.167	748	6538
21	65	QUER.RUB	0.111	1217	12513
21	65	THUJ.SPP.ALL	0.091	616	6085
21	65	TSUG.CAN	0.083	549	6658
21	66	ABIE.BAL	0.125	852	3660
21	66	ACER.RUB	0.167	911	6074
21	66	ACER.SAH	0.125	1412	8946
21	66	BETU.ALL	0.125	925	5811
21	66	BETU.PAP	0.25	587	3250
21	66	FAGU.GRA	0.125	1172	10309
21	66	LARI.LAR	0.167	446	2123
21	66	PICE.GLA	0.111	912	10262
21	66	PICE.MAR	0.083	1015	7603
21	66	PICE.RUB	0.091	3188	12463
21	66	PINU.BAN	0.2	1145	9040
21	66	PINU.RES	0.143	1248	10178
21	66	PINU.STR	0.143	1026	7904
21	66	POPU.TRE	0.167	1017	7034
21	66	QUER.RUB	0.143	1223	14398
21	66	THUJ.SPP.ALL	0.091	675	6289
21	66	TSUG.CAN	0.083	618	6889
21	98	ABIE.BAL	0.111	681	3160
21	98	ACER.RUB	0.167	670	5675
21	98	ACER.SAH	0.143	1236	6307
21	98	BETU.ALL	0.143	681	5443
21	98	BETU.PAP	0.2	407	3048
21	98	FAGU.GRA	0.125	942	10032
21	98	LARI.LAR	0.167	249	1692
21	98	PICE.GLA	0.111	644	8819
21	98	PICE.MAR	0.091	806	6406
21	98	PICE.RUB	0.083	1829	11311
21	98	PINU.BAN	0.2	847	8659
21	98	PINU.RES	0.143	1004	9783
21	98	PINU.STR	0.143	786	7962
21	98	POPU.TRE	0.2	674	6327
21	98	QUER.RUB	0.111	1290	12537
21	98	THUJ.SPP.ALL	0.091	584	5802
21	98	TSUG.CAN	0.091	549	5951
21	99	ABIE.BAL	0.111	420	2622
21	99	ACER.RUB	0.167	600	5345
21	99	ACER.SAH	0.125	1154	4702
21	99	BETU.ALL	0.143	518	5447
21	99	BETU.PAP	0.2	312	2863
21	99	FAGU.GRA	0.125	835	10146
21	99	LARI.LAR	0.143	136	1223
21	99	PICE.GLA	0.111	649	8121
21	99	PICE.MAR	0.083	689	5174
21	99	PICE.RUB	0.071	2953	11424
21	99	PINU.BAN	0.167	826	8601
21	99	PINU.RES	0.143	947	9567
21	99	PINU.STR	0.143	792	7762
21	99	POPU.TRE	0.2	590	6093
21	99	QUER.RUB	0.111	991	10184
21	99	THUJ.SPP.ALL	0.091	559	5789
21	99	TSUG.CAN	0.091	529	5854
21	108	ABIE.BAL	0.125	478	3018
21	108	ACER.RUB	0.167	626	5594
21	108	ACER.SAH	0.125	887	5273
21	108	BETU.ALL	0.143	607	5677
21	108	BETU.PAP	0.25	400	3077
21	108	FAGU.GRA	0.125	931	10465
21	108	LARI.LAR	0.167	190	1696
21	108	PICE.GLA	0.111	689	9354
21	108	PICE.MAR	0.083	555	6148
21	108	PICE.RUB	0.083	2248	11653
21	108	PINU.BAN	0.2	854	8590
21	108	PINU.RES	0.143	1019	9832
21	108	PINU.STR	0.143	829	7608
21	108	POPU.TRE	0.2	625	6314
21	108	QUER.RUB	0.111	1418	11119
21	108	THUJ.SPP.ALL	0.091	606	6071
21	108	TSUG.CAN	0.091	510	6218
21	109	ABIE.BAL	0.125	960	3452
21	109	ACER.RUB	0.167	808	5758
21	109	ACER.SAH	0.125	1137	7342
21	109	BETU.ALL	0.125	737	5754
21	109	BETU.PAP	0.25	477	3195
21	109	FAGU.GRA	0.125	999	10418
21	109	LARI.LAR	0.2	257	2038
21	109	PICE.GLA	0.111	740	9303
21	109	PICE.MAR	0.091	789	6985
21	109	PICE.RUB	0.091	3067	12072
21	109	PINU.BAN	0.2	953	8740
21	109	PINU.RES	0.143	1049	10076
21	109	PINU.STR	0.143	869	7975
21	109	POPU.TRE	0.167	807	6533
21	109	QUER.RUB	0.111	1030	13294
21	109	THUJ.SPP.ALL	0.091	624	6235
21	109	TSUG.CAN	0.083	571	6758
21	110	ABIE.BAL	0.125	816	3786
21	110	ACER.RUB	0.167	923	6044
21	110	ACER.SAH	0.125	1219	8388
21	110	BETU.ALL	0.125	943	6148
21	110	BETU.PAP	0.2	566	3416
21	110	FAGU.GRA	0.125	1198	11172
21	110	LARI.LAR	0.167	432	2324
21	110	PICE.GLA	0.111	930	10209
21	110	PICE.MAR	0.091	900	8065
21	110	PICE.RUB	0.083	3000	12785
21	110	PINU.BAN	0.2	1166	9134
21	110	PINU.RES	0.143	1273	10209
21	110	PINU.STR	0.143	1009	8159
21	110	POPU.TRE	0.167	1125	7038
21	110	QUER.RUB	0.111	1261	15391
21	110	THUJ.SPP.ALL	0.091	693	6540
21	110	TSUG.CAN	0.083	613	6787
21	111	ABIE.BAL	0.125	634	3214
21	111	ACER.RUB	0.167	674	5671
21	111	ACER.SAH	0.125	907	6394
21	111	BETU.ALL	0.125	682	5649
21	111	BETU.PAP	0.2	435	3044
21	111	FAGU.GRA	0.125	930	10211
21	111	LARI.LAR	0.167	283	1705
21	111	PICE.GLA	0.111	667	8962
21	111	PICE.MAR	0.083	690	6603
21	111	PICE.RUB	0.083	2502	11808
21	111	PINU.BAN	0.2	863	8618
21	111	PINU.RES	0.143	999	9521
21	111	PINU.STR	0.143	787	7765
21	111	POPU.TRE	0.167	624	6376
21	111	QUER.RUB	0.111	2107	11793
21	111	THUJ.SPP.ALL	0.091	561	5841
21	111	TSUG.CAN	0.083	526	6334
21	112	ABIE.BAL	0.125	828	3560
21	112	ACER.RUB	0.167	669	5658
21	112	ACER.SAH	0.125	923	7809
21	112	BETU.ALL	0.125	737	5840
21	112	BETU.PAP	0.2	469	3107
21	112	FAGU.GRA	0.125	950	10565
21	112	LARI.LAR	0.167	318	2055
21	112	PICE.GLA	0.111	725	9314
21	112	PICE.MAR	0.083	944	7272
21	112	PICE.RUB	0.083	2576	11897
21	112	PINU.BAN	0.2	915	8683
21	112	PINU.RES	0.143	1095	9719
21	112	PINU.STR	0.143	799	7785
21	112	POPU.TRE	0.167	780	6513
21	112	QUER.RUB	0.125	1156	13250
21	112	THUJ.SPP.ALL	0.091	600	5944
21	112	TSUG.CAN	0.083	551	6696
21	113	ABIE.BAL	0.125	822	3448
21	113	ACER.RUB	0.167	602	5524
21	113	ACER.SAH	0.125	703	6520
21	113	BETU.ALL	0.125	631	5973
21	113	BETU.PAP	0.2	421	3102
21	113	FAGU.GRA	0.125	927	10221
21	113	LARI.LAR	0.167	275	1896
21	113	PICE.GLA	0.111	690	9123
21	113	PICE.MAR	0.091	716	7107
21	113	PICE.RUB	0.083	2790	12402
21	113	PINU.BAN	0.167	936	8807
21	113	PINU.RES	0.167	998	9924
21	113	PINU.STR	0.143	811	7812
21	113	POPU.TRE	0.167	725	6455
21	113	QUER.RUB	0.111	1302	11839
21	113	THUJ.SPP.ALL	0.091	571	6005
21	113	TSUG.CAN	0.083	547	6381
21	114	ABIE.BAL	0.125	802	3580
21	114	ACER.RUB	0.167	661	5799
21	114	ACER.SAH	0.125	1196	8101
21	114	BETU.ALL	0.125	714	5717
21	114	BETU.PAP	0.2	460	3228
21	114	FAGU.GRA	0.125	926	10279
21	114	LARI.LAR	0.167	366	2134
21	114	PICE.GLA	0.111	660	9449
21	114	PICE.MAR	0.091	829	7402
21	114	PICE.RUB	0.091	2984	12028
21	114	PINU.BAN	0.167	943	8755
21	114	PINU.RES	0.167	1008	9907
21	114	PINU.STR	0.143	793	7817
21	114	POPU.TRE	0.167	725	6620
21	114	QUER.RUB	0.111	1069	13803
21	114	THUJ.SPP.ALL	0.091	592	6031
21	114	TSUG.CAN	0.083	539	6138
21	115	ABIE.BAL	0.125	688	3809
21	115	ACER.RUB	0.167	878	6134
21	115	ACER.SAH	0.125	797	8153
21	115	BETU.ALL	0.125	845	6174
21	115	BETU.PAP	0.2	528	3392
21	115	FAGU.GRA	0.125	1133	10188
21	115	LARI.LAR	0.167	324	2198
21	115	PICE.GLA	0.111	879	10594
21	115	PICE.MAR	0.083	973	7689
21	115	PICE.RUB	0.091	2881	12626
21	115	PINU.BAN	0.167	1143	8996
21	115	PINU.RES	0.167	1203	10317
21	115	PINU.STR	0.143	949	8004
21	115	POPU.TRE	0.167	1015	7039
21	115	QUER.RUB	0.111	1005	14091
21	115	THUJ.SPP.ALL	0.091	650	6306
21	115	TSUG.CAN	0.083	611	6942
21	116	ABIE.BAL	0.125	937	3230
21	116	ACER.RUB	0.167	637	5488
21	116	ACER.SAH	0.125	678	5538
21	116	BETU.ALL	0.125	632	5558
21	116	BETU.PAP	0.2	387	3049
21	116	FAGU.GRA	0.125	864	10352
21	116	LARI.LAR	0.167	216	1678
21	116	PICE.GLA	0.111	687	8911
21	116	PICE.MAR	0.091	906	6376
21	116	PICE.RUB	0.083	2421	11478
21	116	PINU.BAN	0.167	902	8733
21	116	PINU.RES	0.167	1045	9410
21	116	PINU.STR	0.143	780	7636
21	116	POPU.TRE	0.167	634	6396
21	116	QUER.RUB	0.111	1833	10516
21	116	THUJ.SPP.ALL	0.091	558	5925
21	116	TSUG.CAN	0.083	527	5956
21	117	ABIE.BAL	0.125	895	3543
21	117	ACER.RUB	0.167	715	5731
21	117	ACER.SAH	0.125	920	7297
21	117	BETU.ALL	0.125	802	5805
21	117	BETU.PAP	0.2	480	3233
21	117	FAGU.GRA	0.125	985	10251
21	117	LARI.LAR	0.143	279	2067
21	117	PICE.GLA	0.111	725	9574
21	117	PICE.MAR	0.091	905	7482
21	117	PICE.RUB	0.091	3235	12666
21	117	PINU.BAN	0.167	1043	8889
21	117	PINU.RES	0.167	1047	10184
21	117	PINU.STR	0.143	821	7992
21	117	POPU.TRE	0.167	819	6713
21	117	QUER.RUB	0.111	1278	12559
21	117	THUJ.SPP.ALL	0.091	614	6138
21	117	TSUG.CAN	0.083	549	6244
21	118	ABIE.BAL	0.125	751	3768
21	118	ACER.RUB	0.167	698	5724
21	118	ACER.SAH	0.125	971	7771
21	118	BETU.ALL	0.125	711	5977
21	118	BETU.PAP	0.2	448	3163
21	118	FAGU.GRA	0.125	920	10015
21	118	LARI.LAR	0.143	312	2254
21	118	PICE.GLA	0.111	639	8902
21	118	PICE.MAR	0.091	883	7693
21	118	PICE.RUB	0.077	3525	13142
21	118	PINU.BAN	0.167	957	8774
21	118	PINU.RES	0.167	1059	9706
21	118	PINU.STR	0.143	777	7384
21	118	POPU.TRE	0.167	802	6710
21	118	QUER.RUB	0.125	1075	14189
21	118	THUJ.SPP.ALL	0.091	586	6089
21	118	TSUG.CAN	0.083	533	6282
21	119	ABIE.BAL	0.125	725	3273
21	119	ACER.RUB	0.167	490	5480
21	119	ACER.SAH	0.125	783	6489
21	119	BETU.ALL	0.125	606	5331
21	119	BETU.PAP	0.2	372	2984
21	119	FAGU.GRA	0.125	773	10299
21	119	LARI.LAR	0.143	320	1863
21	119	PICE.GLA	0.111	645	8092
21	119	PICE.MAR	0.091	605	6951
21	119	PICE.RUB	0.091	2616	11884
21	119	PINU.BAN	0.167	840	8694
21	119	PINU.RES	0.167	934	9536
21	119	PINU.STR	0.143	694	7413
21	119	POPU.TRE	0.167	586	6182
21	119	QUER.RUB	0.125	1804	11326
21	119	THUJ.SPP.ALL	0.091	551	5784
21	119	TSUG.CAN	0.083	550	5588
51	1	ABIE.BAL	0.083	117	524
51	1	ACER.RUB	0.2	641	5353
51	1	ACER.SAH	0.111	243	2039
51	1	BETU.ALL	0.062	252	3478
51	1	BETU.PAP	0.111	251	2330
51	1	FAGU.GRA	0.125	1101	11223
51	1	LARI.LAR	0.091	29	133
51	1	PICE.GLA	0.071	599	6056
51	1	PICE.MAR	0.022	60	241
51	1	PICE.RUB	0.013	37	180
51	1	PINU.BAN	0.111	626	6642
51	1	PINU.RES	0.111	811	8770
51	1	PINU.STR	0.143	930	7839
51	1	POPU.TRE	0.143	572	5580
51	1	QUER.RUB	0.143	624	5870
51	1	THUJ.SPP.ALL	0.077	671	6300
51	1	TSUG.CAN	0.067	495	4647
51	2	ABIE.BAL	0.062	80	370
51	2	ACER.RUB	0.2	593	5371
51	2	ACER.SAH	0.111	491	2410
51	2	BETU.ALL	0.077	284	4049
51	2	BETU.PAP	0.143	263	2421
51	2	FAGU.GRA	0.125	1045	10359
51	2	LARI.LAR	0.045	20	118
51	2	PICE.GLA	0.077	573	5967
51	2	PICE.MAR	0.023	107	320
51	2	PICE.RUB	0.02	66	268
51	2	PINU.BAN	0.111	574	6982
51	2	PINU.RES	0.125	811	9152
51	2	PINU.STR	0.143	911	7206
51	2	POPU.TRE	0.143	517	5601
51	2	QUER.RUB	0.143	723	6589
51	2	THUJ.SPP.ALL	0.077	685	6413
51	2	TSUG.CAN	0.077	458	4742
51	3	ABIE.BAL	0.083	175	1103
51	3	ACER.RUB	0.167	768	5422
51	3	ACER.SAH	0.111	993	2913
51	3	BETU.ALL	0	0	0
51	3	BETU.PAP	0.111	306	2360
51	3	FAGU.GRA	0.125	1131	10704
51	3	LARI.LAR	0.1	84	586
51	3	PICE.GLA	0.067	589	5818
51	3	PICE.MAR	0.037	159	1781
51	3	PICE.RUB	0.021	185	1522
51	3	PINU.BAN	0.111	671	6149
51	3	PINU.RES	0.111	871	8864
51	3	PINU.STR	0.143	938	7823
51	3	POPU.TRE	0.143	571	5891
51	3	QUER.RUB	0.125	1513	8283
51	3	THUJ.SPP.ALL	0.071	699	6277
51	3	TSUG.CAN	0.062	571	5240
51	8	ABIE.BAL	0.083	426	2176
51	8	ACER.RUB	0.167	907	5988
51	8	ACER.SAH	0.125	600	5689
51	8	BETU.ALL	0	0	0
51	8	BETU.PAP	0.111	275	2508
51	8	FAGU.GRA	0.125	1201	10027
51	8	LARI.LAR	0.083	142	1227
51	8	PICE.GLA	0.062	396	5885
51	8	PICE.MAR	0.048	311	3806
51	8	PICE.RUB	0	0	0
51	8	PINU.BAN	0.1	638	5951
51	8	PINU.RES	0.111	844	8938
51	8	PINU.STR	0.143	970	7659
51	8	POPU.TRE	0.143	728	6257
51	8	QUER.RUB	0.125	1341	11445
51	8	THUJ.SPP.ALL	0.071	719	6570
51	8	TSUG.CAN	0.062	527	5609
51	9	ABIE.BAL	0.091	262	1750
51	9	ACER.RUB	0.167	815	5787
51	9	ACER.SAH	0.125	1331	4425
51	9	BETU.ALL	0	0	0
51	9	BETU.PAP	0.111	264	2323
51	9	FAGU.GRA	0.125	1190	10787
51	9	LARI.LAR	0.077	113	775
51	9	PICE.GLA	0.067	560	5978
51	9	PICE.MAR	0.048	219	2899
51	9	PICE.RUB	0	0	0
51	9	PINU.BAN	0.1	521	6049
51	9	PINU.RES	0.111	840	8784
51	9	PINU.STR	0.143	948	7964
51	9	POPU.TRE	0.143	671	6044
51	9	QUER.RUB	0.125	1564	9791
51	9	THUJ.SPP.ALL	0.071	707	6267
51	9	TSUG.CAN	0.062	427	5049
51	10	ABIE.BAL	0.111	236	1028
51	10	ACER.RUB	0.2	595	5120
51	10	ACER.SAH	0.1	624	3473
51	10	BETU.ALL	0.083	360	4641
51	10	BETU.PAP	0.143	272	2616
51	10	FAGU.GRA	0.125	972	10435
51	10	LARI.LAR	0.125	109	595
51	10	PICE.GLA	0.077	606	6591
51	10	PICE.MAR	0.042	173	1972
51	10	PICE.RUB	0.036	784	8789
51	10	PINU.BAN	0.143	819	7489
51	10	PINU.RES	0.125	845	9160
51	10	PINU.STR	0.143	837	7831
51	10	POPU.TRE	0.167	584	5711
51	10	QUER.RUB	0.167	842	8304
51	10	THUJ.SPP.ALL	0.091	604	6105
51	10	TSUG.CAN	0.083	390	5074
51	11	ABIE.BAL	0.077	281	1728
51	11	ACER.RUB	0.2	783	5526
51	11	ACER.SAH	0.111	1268	3471
51	11	BETU.ALL	0.083	360	4407
51	11	BETU.PAP	0.143	355	2764
51	11	FAGU.GRA	0.125	1169	10539
51	11	LARI.LAR	0.125	122	836
51	11	PICE.GLA	0.077	615	7454
51	11	PICE.MAR	0.056	222	3044
51	11	PICE.RUB	0.037	608	9045
51	11	PINU.BAN	0.125	640	7532
51	11	PINU.RES	0.125	912	9215
51	11	PINU.STR	0.143	982	7659
51	11	POPU.TRE	0.167	742	6164
51	11	QUER.RUB	0.167	1826	8590
51	11	THUJ.SPP.ALL	0.091	692	6371
51	11	TSUG.CAN	0.083	483	5981
51	12	ABIE.BAL	0.125	294	1908
51	12	ACER.RUB	0.25	734	5619
51	12	ACER.SAH	0.111	1165	3967
51	12	BETU.ALL	0.083	467	5086
51	12	BETU.PAP	0.143	356	2765
51	12	FAGU.GRA	0.143	1069	10288
51	12	LARI.LAR	0.125	143	869
51	12	PICE.GLA	0.091	562	7648
51	12	PICE.MAR	0.056	406	4189
51	12	PICE.RUB	0.048	1089	12814
51	12	PINU.BAN	0.143	728	7866
51	12	PINU.RES	0.125	967	9404
51	12	PINU.STR	0.143	931	7811
51	12	POPU.TRE	0.167	713	6117
51	12	QUER.RUB	0.143	2784	8630
51	12	THUJ.SPP.ALL	0.091	672	6287
51	12	TSUG.CAN	0.091	464	5854
51	13	ABIE.BAL	0.111	322	1971
51	13	ACER.RUB	0.2	797	5678
51	13	ACER.SAH	0.125	2031	4555
51	13	BETU.ALL	0.083	482	4670
51	13	BETU.PAP	0.143	414	2775
51	13	FAGU.GRA	0.125	1209	10979
51	13	LARI.LAR	0.125	136	975
51	13	PICE.GLA	0.083	658	8020
51	13	PICE.MAR	0.059	355	3763
51	13	PICE.RUB	0.048	1109	11484
51	13	PINU.BAN	0.143	692	7920
51	13	PINU.RES	0.125	991	9542
51	13	PINU.STR	0.143	1003	8079
51	13	POPU.TRE	0.167	830	6412
51	13	QUER.RUB	0.167	1443	8975
51	13	THUJ.SPP.ALL	0.091	725	6642
51	13	TSUG.CAN	0.083	511	6037
51	14	ABIE.BAL	0.111	723	2451
51	14	ACER.RUB	0.2	831	5753
51	14	ACER.SAH	0.125	1648	5432
51	14	BETU.ALL	0.083	467	4938
51	14	BETU.PAP	0.143	403	2859
51	14	FAGU.GRA	0.125	1104	10336
51	14	LARI.LAR	0.125	260	1476
51	14	PICE.GLA	0.091	649	7666
51	14	PICE.MAR	0.056	375	4706
51	14	PICE.RUB	0.059	1315	11588
51	14	PINU.BAN	0.143	661	7917
51	14	PINU.RES	0.125	985	9249
51	14	PINU.STR	0.143	936	7907
51	14	POPU.TRE	0.167	769	6363
51	14	QUER.RUB	0.167	1569	10989
51	14	THUJ.SPP.ALL	0.091	682	6303
51	14	TSUG.CAN	0.091	508	6058
51	15	ABIE.BAL	0.111	457	2563
51	15	ACER.RUB	0.2	881	5864
51	15	ACER.SAH	0.111	1301	5544
51	15	BETU.ALL	0.083	430	4870
51	15	BETU.PAP	0.143	409	2853
51	15	FAGU.GRA	0.125	1235	10494
51	15	LARI.LAR	0.125	220	1510
51	15	PICE.GLA	0.077	639	8002
51	15	PICE.MAR	0.059	373	4726
51	15	PICE.RUB	0.056	1553	9292
51	15	PINU.BAN	0.125	729	7522
51	15	PINU.RES	0.125	967	9100
51	15	PINU.STR	0.143	1020	8041
51	15	POPU.TRE	0.167	933	6610
51	15	QUER.RUB	0.167	1365	11085
51	15	THUJ.SPP.ALL	0.091	710	6656
51	15	TSUG.CAN	0.083	527	6042
51	41	ABIE.BAL	0.125	867	3063
51	41	ACER.RUB	0.25	797	5638
51	41	ACER.SAH	0.125	926	6073
51	41	BETU.ALL	0.125	689	5389
51	41	BETU.PAP	0.167	447	3071
51	41	FAGU.GRA	0.143	957	10000
51	41	LARI.LAR	0.143	236	1504
51	41	PICE.GLA	0.111	604	8679
51	41	PICE.MAR	0.083	768	5618
51	41	PICE.RUB	0.091	2815	11570
51	41	PINU.BAN	0.167	1178	8329
51	41	PINU.RES	0.143	995	9703
51	41	PINU.STR	0.167	861	7691
51	41	POPU.TRE	0.2	770	6354
51	41	QUER.RUB	0.143	952	11992
51	41	THUJ.SPP.ALL	0.091	550	5845
51	41	TSUG.CAN	0.091	506	6449
51	42	ABIE.BAL	0.125	363	2135
51	42	ACER.RUB	0.25	694	5186
51	42	ACER.SAH	0.111	1383	3829
51	42	BETU.ALL	0.125	532	5049
51	42	BETU.PAP	0.167	342	2758
51	42	FAGU.GRA	0.143	898	10500
51	42	LARI.LAR	0.143	172	786
51	42	PICE.GLA	0.111	612	7483
51	42	PICE.MAR	0.05	363	3827
51	42	PICE.RUB	0.083	1657	12280
51	42	PINU.BAN	0.167	778	8164
51	42	PINU.RES	0.143	910	9313
51	42	PINU.STR	0.167	758	7939
51	42	POPU.TRE	0.2	578	5971
51	42	QUER.RUB	0.143	2387	9042
51	42	THUJ.SPP.ALL	0.091	504	5840
51	42	TSUG.CAN	0.091	438	5842
51	43	ABIE.BAL	0.083	221	1023
51	43	ACER.RUB	0.25	642	5083
51	43	ACER.SAH	0.125	889	2596
51	43	BETU.ALL	0.111	443	4614
51	43	BETU.PAP	0.167	295	2529
51	43	FAGU.GRA	0.143	826	10410
51	43	LARI.LAR	0.125	39	328
51	43	PICE.GLA	0.111	585	6664
51	43	PICE.MAR	0.043	185	1679
51	43	PICE.RUB	0.05	1064	10205
51	43	PINU.BAN	0.143	672	7954
51	43	PINU.RES	0.143	861	8998
51	43	PINU.STR	0.167	717	7516
51	43	POPU.TRE	0.167	524	5495
51	43	QUER.RUB	0.143	1643	8197
51	43	THUJ.SPP.ALL	0.091	490	5749
51	43	TSUG.CAN	0.091	420	5179
51	44	ABIE.BAL	0.111	536	2726
51	44	ACER.RUB	0.25	741	5560
51	44	ACER.SAH	0.125	972	5047
51	44	BETU.ALL	0.111	631	5501
51	44	BETU.PAP	0.167	431	2991
51	44	FAGU.GRA	0.143	993	10394
51	44	LARI.LAR	0.167	234	1304
51	44	PICE.GLA	0.111	613	7823
51	44	PICE.MAR	0.083	676	4745
51	44	PICE.RUB	0.077	1993	10456
51	44	PINU.BAN	0.143	834	8249
51	44	PINU.RES	0.143	965	9314
51	44	PINU.STR	0.167	853	7752
51	44	POPU.TRE	0.167	759	6224
51	44	QUER.RUB	0.143	1038	10895
51	44	THUJ.SPP.ALL	0.091	560	6128
51	44	TSUG.CAN	0.091	498	6213
51	45	ABIE.BAL	0.125	203	1339
51	45	ACER.RUB	0.25	669	5648
51	45	ACER.SAH	0.125	1862	3554
51	45	BETU.ALL	0.1	437	4745
51	45	BETU.PAP	0.143	362	2695
51	45	FAGU.GRA	0.143	1004	10121
51	45	LARI.LAR	0.125	84	634
51	45	PICE.GLA	0.091	575	7242
51	45	PICE.MAR	0.05	388	3311
51	45	PICE.RUB	0.056	811	10551
51	45	PINU.BAN	0.143	746	7809
51	45	PINU.RES	0.125	916	9364
51	45	PINU.STR	0.143	885	7812
51	45	POPU.TRE	0.167	623	5957
51	45	QUER.RUB	0.143	1324	7606
51	45	THUJ.SPP.ALL	0.091	557	5962
51	45	TSUG.CAN	0.091	462	5656
51	46	ABIE.BAL	0.111	363	1938
51	46	ACER.RUB	0.25	599	5415
51	46	ACER.SAH	0.111	1208	3715
51	46	BETU.ALL	0.111	465	4964
51	46	BETU.PAP	0.167	333	2751
51	46	FAGU.GRA	0.143	882	10227
51	46	LARI.LAR	0.143	133	916
51	46	PICE.GLA	0.111	631	7001
51	46	PICE.MAR	0.059	371	4011
51	46	PICE.RUB	0.077	1249	10971
51	46	PINU.BAN	0.143	708	8047
51	46	PINU.RES	0.143	881	9236
51	46	PINU.STR	0.167	779	7659
51	46	POPU.TRE	0.167	564	5913
51	46	QUER.RUB	0.143	1761	8552
51	46	THUJ.SPP.ALL	0.091	535	5852
51	46	TSUG.CAN	0.091	451	5957
51	47	ABIE.BAL	0.071	167	1025
51	47	ACER.RUB	0.25	721	5139
51	47	ACER.SAH	0.077	530	2591
51	47	BETU.ALL	0.1	399	4589
51	47	BETU.PAP	0.143	264	2546
51	47	FAGU.GRA	0.143	860	10512
51	47	LARI.LAR	0.125	41	381
51	47	PICE.GLA	0.091	648	6623
51	47	PICE.MAR	0.05	217	2203
51	47	PICE.RUB	0.062	1044	6529
51	47	PINU.BAN	0.143	660	7818
51	47	PINU.RES	0.125	926	8901
51	47	PINU.STR	0.143	745	7265
51	47	POPU.TRE	0.167	615	5419
51	47	QUER.RUB	0.143	971	6131
51	47	THUJ.SPP.ALL	0.091	573	6114
51	47	TSUG.CAN	0.091	440	5234
51	48	ABIE.BAL	0.091	541	2033
51	48	ACER.RUB	0.25	756	5484
51	48	ACER.SAH	0.125	1586	4385
51	48	BETU.ALL	0.1	470	4979
51	48	BETU.PAP	0.143	392	2781
51	48	FAGU.GRA	0.143	966	10233
51	48	LARI.LAR	0.125	142	1096
51	48	PICE.GLA	0.091	638	7415
51	48	PICE.MAR	0.071	329	3625
51	48	PICE.RUB	0.053	997	12050
51	48	PINU.BAN	0.143	740	7859
51	48	PINU.RES	0.125	925	9407
51	48	PINU.STR	0.143	870	7793
51	48	POPU.TRE	0.167	630	6089
51	48	QUER.RUB	0.167	1914	8984
51	48	THUJ.SPP.ALL	0.091	627	6020
51	48	TSUG.CAN	0.091	485	6013
51	49	ABIE.BAL	0.111	266	1521
51	49	ACER.RUB	0.25	738	5462
51	49	ACER.SAH	0.1	1250	3809
51	49	BETU.ALL	0.083	504	4968
51	49	BETU.PAP	0.143	405	2793
51	49	FAGU.GRA	0.143	1108	10294
51	49	LARI.LAR	0.125	117	849
51	49	PICE.GLA	0.091	665	7983
51	49	PICE.MAR	0.059	311	3525
51	49	PICE.RUB	0.048	925	10525
51	49	PINU.BAN	0.143	745	7776
51	49	PINU.RES	0.125	985	9321
51	49	PINU.STR	0.143	959	8108
51	49	POPU.TRE	0.167	803	6200
51	49	QUER.RUB	0.143	1499	8299
51	49	THUJ.SPP.ALL	0.091	685	6542
51	49	TSUG.CAN	0.091	496	5937
51	50	ABIE.BAL	0.125	502	2604
51	50	ACER.RUB	0.25	799	5630
51	50	ACER.SAH	0.111	1625	5202
51	50	BETU.ALL	0.125	596	5414
51	50	BETU.PAP	0.167	411	3017
51	50	FAGU.GRA	0.143	981	10391
51	50	LARI.LAR	0.143	222	1420
51	50	PICE.GLA	0.111	569	8233
51	50	PICE.MAR	0.091	450	5440
51	50	PICE.RUB	0.083	1758	10908
51	50	PINU.BAN	0.167	824	8459
51	50	PINU.RES	0.143	1015	9651
51	50	PINU.STR	0.167	835	7849
51	50	POPU.TRE	0.2	741	6330
51	50	QUER.RUB	0.143	2775	10675
51	50	THUJ.SPP.ALL	0.091	643	6053
51	50	TSUG.CAN	0.091	477	6161
51	51	ABIE.BAL	0.125	562	3409
51	51	ACER.RUB	0.25	900	5963
51	51	ACER.SAH	0.125	896	6861
51	51	BETU.ALL	0.125	802	5614
51	51	BETU.PAP	0.167	564	3241
51	51	FAGU.GRA	0.143	1195	11542
51	51	LARI.LAR	0.167	402	2062
51	51	PICE.GLA	0.111	741	9589
51	51	PICE.MAR	0.091	717	6511
51	51	PICE.RUB	0.083	3049	11540
51	51	PINU.BAN	0.167	1081	8709
51	51	PINU.RES	0.143	1188	9774
51	51	PINU.STR	0.167	993	8096
51	51	POPU.TRE	0.2	1004	6930
51	51	QUER.RUB	0.143	1170	14618
51	51	THUJ.SPP.ALL	0.091	700	6444
51	51	TSUG.CAN	0.091	593	6991
51	52	ABIE.BAL	0.125	485	2492
51	52	ACER.RUB	0.25	748	5636
51	52	ACER.SAH	0.125	1009	5244
51	52	BETU.ALL	0.111	557	5244
51	52	BETU.PAP	0.143	425	2916
51	52	FAGU.GRA	0.143	1004	10669
51	52	LARI.LAR	0.125	174	1442
51	52	PICE.GLA	0.091	553	8202
51	52	PICE.MAR	0.077	455	4753
51	52	PICE.RUB	0.067	1759	11361
51	52	PINU.BAN	0.143	809	8092
51	52	PINU.RES	0.125	983	9516
51	52	PINU.STR	0.143	901	7874
51	52	POPU.TRE	0.167	770	6446
51	52	QUER.RUB	0.143	1719	10470
51	52	THUJ.SPP.ALL	0.091	669	6340
51	52	TSUG.CAN	0.091	517	5959
51	53	ABIE.BAL	0.125	597	3212
51	53	ACER.RUB	0.25	897	6078
51	53	ACER.SAH	0.125	820	6840
51	53	BETU.ALL	0.111	788	5481
51	53	BETU.PAP	0.167	546	3134
51	53	FAGU.GRA	0.143	1184	10187
51	53	LARI.LAR	0.143	346	1977
51	53	PICE.GLA	0.111	752	9395
51	53	PICE.MAR	0.083	652	6239
51	53	PICE.RUB	0.077	2714	10365
51	53	PINU.BAN	0.143	1003	8563
51	53	PINU.RES	0.143	1160	9888
51	53	PINU.STR	0.167	1041	8164
51	53	POPU.TRE	0.167	1060	6878
51	53	QUER.RUB	0.143	1086	14271
51	53	THUJ.SPP.ALL	0.091	732	6425
51	53	TSUG.CAN	0.091	642	6850
51	54	ABIE.BAL	0.125	660	3165
51	54	ACER.RUB	0.25	922	5933
51	54	ACER.SAH	0.125	709	6895
51	54	BETU.ALL	0.111	674	5316
51	54	BETU.PAP	0.143	514	3094
51	54	FAGU.GRA	0.143	1147	10446
51	54	LARI.LAR	0.143	298	1928
51	54	PICE.GLA	0.1	683	8987
51	54	PICE.MAR	0.077	651	5944
51	54	PICE.RUB	0.067	1965	10592
51	54	PINU.BAN	0.143	920	8209
51	54	PINU.RES	0.125	1109	9581
51	54	PINU.STR	0.143	1055	8118
51	54	POPU.TRE	0.167	984	6824
51	54	QUER.RUB	0.143	1088	14049
51	54	THUJ.SPP.ALL	0.091	692	6433
51	54	TSUG.CAN	0.091	574	6679
51	55	ABIE.BAL	0.125	508	2778
51	55	ACER.RUB	0.25	761	5621
51	55	ACER.SAH	0.125	862	4994
51	55	BETU.ALL	0.111	581	4962
51	55	BETU.PAP	0.143	400	2943
51	55	FAGU.GRA	0.143	1013	10665
51	55	LARI.LAR	0.143	324	1612
51	55	PICE.GLA	0.1	588	8161
51	55	PICE.MAR	0.077	498	5206
51	55	PICE.RUB	0.067	1788	10756
51	55	PINU.BAN	0.143	814	8083
51	55	PINU.RES	0.125	957	9695
51	55	PINU.STR	0.143	883	7736
51	55	POPU.TRE	0.167	789	6302
51	55	QUER.RUB	0.143	1427	10628
51	55	THUJ.SPP.ALL	0.091	638	6190
51	55	TSUG.CAN	0.091	530	6141
51	56	ABIE.BAL	0.125	662	2976
51	56	ACER.RUB	0.25	699	5593
51	56	ACER.SAH	0.125	649	5888
51	56	BETU.ALL	0.125	645	5287
51	56	BETU.PAP	0.167	421	2995
51	56	FAGU.GRA	0.143	959	10369
51	56	LARI.LAR	0.143	264	1626
51	56	PICE.GLA	0.111	625	8538
51	56	PICE.MAR	0.091	673	5699
51	56	PICE.RUB	0.091	2300	10653
51	56	PINU.BAN	0.167	835	8343
51	56	PINU.RES	0.143	992	9487
51	56	PINU.STR	0.167	837	7519
51	56	POPU.TRE	0.2	790	6341
51	56	QUER.RUB	0.143	1931	11188
51	56	THUJ.SPP.ALL	0.091	629	6064
51	56	TSUG.CAN	0.091	559	6302
51	57	ABIE.BAL	0.125	571	3548
51	57	ACER.RUB	0.25	891	6093
51	57	ACER.SAH	0.143	955	8092
51	57	BETU.ALL	0.125	874	5630
51	57	BETU.PAP	0.167	584	3300
51	57	FAGU.GRA	0.143	1229	10772
51	57	LARI.LAR	0.167	337	2288
51	57	PICE.GLA	0.111	853	10021
51	57	PICE.MAR	0.091	793	7414
51	57	PICE.RUB	0.091	2090	11763
51	57	PINU.BAN	0.167	1159	8760
51	57	PINU.RES	0.143	1232	10106
51	57	PINU.STR	0.167	1053	7917
51	57	POPU.TRE	0.2	1066	7087
51	57	QUER.RUB	0.143	1207	14880
51	57	THUJ.SPP.ALL	0.091	692	6497
51	57	TSUG.CAN	0.091	635	7088
51	58	ABIE.BAL	0.125	523	2911
51	58	ACER.RUB	0.25	809	5770
51	58	ACER.SAH	0.111	760	5807
51	58	BETU.ALL	0.1	591	4973
51	58	BETU.PAP	0.143	458	2956
51	58	FAGU.GRA	0.143	1073	11011
51	58	LARI.LAR	0.125	219	1550
51	58	PICE.GLA	0.091	622	8442
51	58	PICE.MAR	0.067	517	5304
51	58	PICE.RUB	0.067	1878	10047
51	58	PINU.BAN	0.143	815	8065
51	58	PINU.RES	0.125	1006	9457
51	58	PINU.STR	0.143	957	7818
51	58	POPU.TRE	0.167	927	6541
51	58	QUER.RUB	0.143	1817	11743
51	58	THUJ.SPP.ALL	0.091	661	6183
51	58	TSUG.CAN	0.091	532	5967
51	59	ABIE.BAL	0.111	759	2916
51	59	ACER.RUB	0.2	926	5974
51	59	ACER.SAH	0.125	694	6438
51	59	BETU.ALL	0.083	507	4905
51	59	BETU.PAP	0.143	436	2944
51	59	FAGU.GRA	0.125	1243	10791
51	59	LARI.LAR	0.125	303	1647
51	59	PICE.GLA	0.091	640	8591
51	59	PICE.MAR	0.067	627	5540
51	59	PICE.RUB	0.062	1517	9753
51	59	PINU.BAN	0.143	683	7803
51	59	PINU.RES	0.125	1027	9393
51	59	PINU.STR	0.143	1044	8250
51	59	POPU.TRE	0.167	984	6643
51	59	QUER.RUB	0.167	1724	11769
51	59	THUJ.SPP.ALL	0.091	701	6506
51	59	TSUG.CAN	0.083	566	6504
51	60	ABIE.BAL	0.125	774	3007
51	60	ACER.RUB	0.25	820	5720
51	60	ACER.SAH	0.125	968	6952
51	60	BETU.ALL	0.111	613	5327
51	60	BETU.PAP	0.143	463	2988
51	60	FAGU.GRA	0.143	1033	10682
51	60	LARI.LAR	0.143	199	1670
51	60	PICE.GLA	0.1	628	8408
51	60	PICE.MAR	0.077	584	5241
51	60	PICE.RUB	0.077	1969	11278
51	60	PINU.BAN	0.143	886	8210
51	60	PINU.RES	0.143	994	9625
51	60	PINU.STR	0.143	954	7880
51	60	POPU.TRE	0.167	879	6474
51	60	QUER.RUB	0.143	1107	12911
51	60	THUJ.SPP.ALL	0.091	658	6227
51	60	TSUG.CAN	0.091	512	6516
51	61	ABIE.BAL	0.125	684	3362
51	61	ACER.RUB	0.25	919	6008
51	61	ACER.SAH	0.125	865	7648
51	61	BETU.ALL	0.111	755	5526
51	61	BETU.PAP	0.143	577	3232
51	61	FAGU.GRA	0.143	1180	10778
51	61	LARI.LAR	0.143	295	2015
51	61	PICE.GLA	0.111	765	9549
51	61	PICE.MAR	0.077	934	6608
51	61	PICE.RUB	0.077	2921	11163
51	61	PINU.BAN	0.143	984	8407
51	61	PINU.RES	0.143	1156	9713
51	61	PINU.STR	0.167	1035	8177
51	61	POPU.TRE	0.167	1053	6932
51	61	QUER.RUB	0.143	1184	15242
51	61	THUJ.SPP.ALL	0.091	683	6477
51	61	TSUG.CAN	0.091	643	6851
51	62	ABIE.BAL	0.125	586	3385
51	62	ACER.RUB	0.25	879	6168
51	62	ACER.SAH	0.125	901	7641
51	62	BETU.ALL	0.125	825	5605
51	62	BETU.PAP	0.167	557	3290
51	62	FAGU.GRA	0.143	1206	10321
51	62	LARI.LAR	0.167	374	1910
51	62	PICE.GLA	0.111	842	9745
51	62	PICE.MAR	0.091	977	6764
51	62	PICE.RUB	0.091	2990	11548
51	62	PINU.BAN	0.167	1093	8579
51	62	PINU.RES	0.143	1211	10025
51	62	PINU.STR	0.167	1034	8096
51	62	POPU.TRE	0.2	992	6852
51	62	QUER.RUB	0.143	1380	13325
51	62	THUJ.SPP.ALL	0.091	711	6630
51	62	TSUG.CAN	0.091	635	7022
51	63	ABIE.BAL	0.143	552	3485
51	63	ACER.RUB	0.25	779	5847
51	63	ACER.SAH	0.143	708	6614
51	63	BETU.ALL	0.125	790	5789
51	63	BETU.PAP	0.2	499	3236
51	63	FAGU.GRA	0.125	1068	10424
51	63	LARI.LAR	0.143	283	2041
51	63	PICE.GLA	0.111	762	9563
51	63	PICE.MAR	0.091	881	7148
51	63	PICE.RUB	0.091	2154	11531
51	63	PINU.BAN	0.167	1043	8693
51	63	PINU.RES	0.143	1096	9710
51	63	PINU.STR	0.143	921	7704
51	63	POPU.TRE	0.2	920	6613
51	63	QUER.RUB	0.143	1362	13295
51	63	THUJ.SPP.ALL	0.091	636	5996
51	63	TSUG.CAN	0.091	592	6775
51	64	ABIE.BAL	0.125	580	3653
51	64	ACER.RUB	0.25	914	6186
51	64	ACER.SAH	0.143	930	8065
51	64	BETU.ALL	0.125	861	5809
51	64	BETU.PAP	0.167	586	3354
51	64	FAGU.GRA	0.143	1210	10429
51	64	LARI.LAR	0.167	310	2248
51	64	PICE.GLA	0.111	921	10238
51	64	PICE.MAR	0.091	708	7692
51	64	PICE.RUB	0.091	2284	12204
51	64	PINU.BAN	0.167	1162	8760
51	64	PINU.RES	0.143	1281	10063
51	64	PINU.STR	0.143	1069	8223
51	64	POPU.TRE	0.2	1121	7044
51	64	QUER.RUB	0.143	1256	15409
51	64	THUJ.SPP.ALL	0.091	687	6544
51	64	TSUG.CAN	0.091	713	7242
51	65	ABIE.BAL	0.143	627	3256
51	65	ACER.RUB	0.25	791	5636
51	65	ACER.SAH	0.143	704	6824
51	65	BETU.ALL	0.125	725	5710
51	65	BETU.PAP	0.2	470	3174
51	65	FAGU.GRA	0.125	1021	10704
51	65	LARI.LAR	0.167	360	1880
51	65	PICE.GLA	0.111	656	9392
51	65	PICE.MAR	0.091	764	6715
51	65	PICE.RUB	0.083	2508	11734
51	65	PINU.BAN	0.167	984	8680
51	65	PINU.RES	0.143	1099	9790
51	65	PINU.STR	0.143	865	7753
51	65	POPU.TRE	0.2	811	6558
51	65	QUER.RUB	0.143	1021	12649
51	65	THUJ.SPP.ALL	0.091	604	5919
51	65	TSUG.CAN	0.091	542	6572
51	66	ABIE.BAL	0.125	545	3584
51	66	ACER.RUB	0.25	932	6054
51	66	ACER.SAH	0.143	959	8088
51	66	BETU.ALL	0.125	902	5830
51	66	BETU.PAP	0.167	568	3276
51	66	FAGU.GRA	0.143	1190	10751
51	66	LARI.LAR	0.167	361	2105
51	66	PICE.GLA	0.111	894	10342
51	66	PICE.MAR	0.091	831	7448
51	66	PICE.RUB	0.091	2300	11743
51	66	PINU.BAN	0.167	1179	8936
51	66	PINU.RES	0.143	1262	9856
51	66	PINU.STR	0.143	1064	8121
51	66	POPU.TRE	0.2	1068	7006
51	66	QUER.RUB	0.143	1378	14730
51	66	THUJ.SPP.ALL	0.091	660	6510
51	66	TSUG.CAN	0.091	685	7197
51	98	ABIE.BAL	0.125	921	3130
51	98	ACER.RUB	0.25	674	5650
51	98	ACER.SAH	0.143	617	5838
51	98	BETU.ALL	0.125	636	5533
51	98	BETU.PAP	0.167	443	3042
51	98	FAGU.GRA	0.143	939	10783
51	98	LARI.LAR	0.143	254	1630
51	98	PICE.GLA	0.111	618	8170
51	98	PICE.MAR	0.091	899	5903
51	98	PICE.RUB	0.091	3102	11446
51	98	PINU.BAN	0.167	833	8447
51	98	PINU.RES	0.143	997	9707
51	98	PINU.STR	0.167	813	7606
51	98	POPU.TRE	0.2	693	6456
51	98	QUER.RUB	0.143	1540	11747
51	98	THUJ.SPP.ALL	0.091	531	5912
51	98	TSUG.CAN	0.091	512	6289
51	99	ABIE.BAL	0.125	402	2408
51	99	ACER.RUB	0.25	554	5466
51	99	ACER.SAH	0.111	2483	4141
51	99	BETU.ALL	0.125	595	5140
51	99	BETU.PAP	0.167	378	2871
51	99	FAGU.GRA	0.143	862	10433
51	99	LARI.LAR	0.125	170	1072
51	99	PICE.GLA	0.111	555	8067
51	99	PICE.MAR	0.083	439	4552
51	99	PICE.RUB	0.091	2253	12082
51	99	PINU.BAN	0.167	803	8251
51	99	PINU.RES	0.143	942	9352
51	99	PINU.STR	0.167	773	7392
51	99	POPU.TRE	0.2	611	6072
51	99	QUER.RUB	0.125	4695	10188
51	99	THUJ.SPP.ALL	0.091	496	5733
51	99	TSUG.CAN	0.091	470	6258
51	108	ABIE.BAL	0.125	865	2873
51	108	ACER.RUB	0.25	750	5715
51	108	ACER.SAH	0.111	1223	5330
51	108	BETU.ALL	0.125	651	5474
51	108	BETU.PAP	0.167	435	3058
51	108	FAGU.GRA	0.143	948	11061
51	108	LARI.LAR	0.167	232	1433
51	108	PICE.GLA	0.111	638	8177
51	108	PICE.MAR	0.091	568	5615
51	108	PICE.RUB	0.091	3724	11430
51	108	PINU.BAN	0.167	879	8595
51	108	PINU.RES	0.143	1012	9906
51	108	PINU.STR	0.167	845	7911
51	108	POPU.TRE	0.2	668	6385
51	108	QUER.RUB	0.125	928	11259
51	108	THUJ.SPP.ALL	0.091	602	6089
51	108	TSUG.CAN	0.091	499	6267
51	109	ABIE.BAL	0.143	636	3450
51	109	ACER.RUB	0.25	782	5850
51	109	ACER.SAH	0.111	925	6973
51	109	BETU.ALL	0.125	739	5551
51	109	BETU.PAP	0.2	511	3201
51	109	FAGU.GRA	0.125	1037	10224
51	109	LARI.LAR	0.167	337	2031
51	109	PICE.GLA	0.111	674	9252
51	109	PICE.MAR	0.091	853	6977
51	109	PICE.RUB	0.091	3016	12231
51	109	PINU.BAN	0.167	986	8698
51	109	PINU.RES	0.143	1071	9881
51	109	PINU.STR	0.143	887	7900
51	109	POPU.TRE	0.2	904	6644
51	109	QUER.RUB	0.143	1079	14238
51	109	THUJ.SPP.ALL	0.091	609	6302
51	109	TSUG.CAN	0.091	617	6689
51	110	ABIE.BAL	0.143	612	3744
51	110	ACER.RUB	0.2	961	6234
51	110	ACER.SAH	0.143	1288	8510
51	110	BETU.ALL	0.143	904	6049
51	110	BETU.PAP	0.2	570	3435
51	110	FAGU.GRA	0.125	1226	10608
51	110	LARI.LAR	0.167	328	2295
51	110	PICE.GLA	0.111	938	10615
51	110	PICE.MAR	0.091	976	7955
51	110	PICE.RUB	0.091	1609	12691
51	110	PINU.BAN	0.2	1196	8992
51	110	PINU.RES	0.143	1299	10211
51	110	PINU.STR	0.143	1054	8413
51	110	POPU.TRE	0.2	1129	7197
51	110	QUER.RUB	0.143	1246	15181
51	110	THUJ.SPP.ALL	0.091	678	6345
51	110	TSUG.CAN	0.091	667	7099
51	111	ABIE.BAL	0.143	781	3054
51	111	ACER.RUB	0.2	748	5588
51	111	ACER.SAH	0.143	1526	5663
51	111	BETU.ALL	0.143	653	5621
51	111	BETU.PAP	0.2	416	3047
51	111	FAGU.GRA	0.125	919	10686
51	111	LARI.LAR	0.143	362	1688
51	111	PICE.GLA	0.111	584	8246
51	111	PICE.MAR	0.091	839	6284
51	111	PICE.RUB	0.091	3460	11560
51	111	PINU.BAN	0.2	891	8657
51	111	PINU.RES	0.143	1026	9699
51	111	PINU.STR	0.143	819	7605
51	111	POPU.TRE	0.2	802	6356
51	111	QUER.RUB	0.143	1177	11632
51	111	THUJ.SPP.ALL	0.091	544	5861
51	111	TSUG.CAN	0.091	516	6237
51	112	ABIE.BAL	0.111	697	3401
51	112	ACER.RUB	0.2	769	5610
51	112	ACER.SAH	0.143	725	7451
51	112	BETU.ALL	0.143	704	5609
51	112	BETU.PAP	0.2	467	3150
51	112	FAGU.GRA	0.125	977	10501
51	112	LARI.LAR	0.167	350	2015
51	112	PICE.GLA	0.111	632	9532
51	112	PICE.MAR	0.091	903	7134
51	112	PICE.RUB	0.091	3047	11874
51	112	PINU.BAN	0.2	941	8656
51	112	PINU.RES	0.143	1060	9731
51	112	PINU.STR	0.143	858	7644
51	112	POPU.TRE	0.2	791	6639
51	112	QUER.RUB	0.143	1036	14025
51	112	THUJ.SPP.ALL	0.091	559	5951
51	112	TSUG.CAN	0.091	545	6805
51	113	ABIE.BAL	0.143	789	3323
51	113	ACER.RUB	0.2	747	5744
51	113	ACER.SAH	0.111	731	5961
51	113	BETU.ALL	0.143	700	5901
51	113	BETU.PAP	0.2	455	3102
51	113	FAGU.GRA	0.125	982	10235
51	113	LARI.LAR	0.167	356	1829
51	113	PICE.GLA	0.111	626	9339
51	113	PICE.MAR	0.083	919	6690
51	113	PICE.RUB	0.091	2824	11787
51	113	PINU.BAN	0.2	929	8628
51	113	PINU.RES	0.167	1021	10046
51	113	PINU.STR	0.143	837	7894
51	113	POPU.TRE	0.167	810	6534
51	113	QUER.RUB	0.143	1122	11908
51	113	THUJ.SPP.ALL	0.091	562	5854
51	113	TSUG.CAN	0.091	532	6476
51	114	ABIE.BAL	0.143	593	3539
51	114	ACER.RUB	0.2	757	5719
51	114	ACER.SAH	0.143	950	7883
51	114	BETU.ALL	0.143	708	5849
51	114	BETU.PAP	0.2	479	3184
51	114	FAGU.GRA	0.125	959	10658
51	114	LARI.LAR	0.167	356	2154
51	114	PICE.GLA	0.111	614	9254
51	114	PICE.MAR	0.091	956	7433
51	114	PICE.RUB	0.091	2250	12400
51	114	PINU.BAN	0.2	925	8666
51	114	PINU.RES	0.167	1039	10201
51	114	PINU.STR	0.143	831	7722
51	114	POPU.TRE	0.167	876	6607
51	114	QUER.RUB	0.143	1210	14323
51	114	THUJ.SPP.ALL	0.091	586	6116
51	114	TSUG.CAN	0.091	545	6844
51	115	ABIE.BAL	0.143	783	3723
51	115	ACER.RUB	0.2	882	6134
51	115	ACER.SAH	0.143	1057	7802
51	115	BETU.ALL	0.143	853	5960
51	115	BETU.PAP	0.2	552	3370
51	115	FAGU.GRA	0.125	1205	10349
51	115	LARI.LAR	0.167	349	2105
51	115	PICE.GLA	0.111	842	10500
51	115	PICE.MAR	0.091	947	7445
51	115	PICE.RUB	0.091	2434	12467
51	115	PINU.BAN	0.2	1148	8953
51	115	PINU.RES	0.167	1215	10065
51	115	PINU.STR	0.143	1009	8517
51	115	POPU.TRE	0.167	1057	7006
51	115	QUER.RUB	0.143	1101	15741
51	115	THUJ.SPP.ALL	0.091	623	6447
51	115	TSUG.CAN	0.091	631	7084
51	116	ABIE.BAL	0.143	733	3132
51	116	ACER.RUB	0.2	684	5544
51	116	ACER.SAH	0.143	612	6113
51	116	BETU.ALL	0.143	652	5979
51	116	BETU.PAP	0.2	430	3043
51	116	FAGU.GRA	0.125	928	10435
51	116	LARI.LAR	0.167	281	1639
51	116	PICE.GLA	0.111	605	8837
51	116	PICE.MAR	0.091	719	6498
51	116	PICE.RUB	0.091	3475	11901
51	116	PINU.BAN	0.2	912	8643
51	116	PINU.RES	0.167	998	9713
51	116	PINU.STR	0.143	838	7639
51	116	POPU.TRE	0.167	732	6277
51	116	QUER.RUB	0.143	1732	11761
51	116	THUJ.SPP.ALL	0.091	548	5733
51	116	TSUG.CAN	0.091	551	6414
51	117	ABIE.BAL	0.143	524	3630
51	117	ACER.RUB	0.2	772	5770
51	117	ACER.SAH	0.143	823	7482
51	117	BETU.ALL	0.143	754	5876
51	117	BETU.PAP	0.2	484	3260
51	117	FAGU.GRA	0.125	1042	10527
51	117	LARI.LAR	0.167	311	2089
51	117	PICE.GLA	0.111	754	9514
51	117	PICE.MAR	0.091	617	7574
51	117	PICE.RUB	0.091	1888	12274
51	117	PINU.BAN	0.2	1030	8757
51	117	PINU.RES	0.2	1095	9955
51	117	PINU.STR	0.143	888	7887
51	117	POPU.TRE	0.2	874	6730
51	117	QUER.RUB	0.125	1273	14100
51	117	THUJ.SPP.ALL	0.091	612	6089
51	117	TSUG.CAN	0.091	591	6659
51	118	ABIE.BAL	0.143	519	3677
51	118	ACER.RUB	0.2	740	5953
51	118	ACER.SAH	0.143	1064	7753
51	118	BETU.ALL	0.143	712	5607
51	118	BETU.PAP	0.2	463	3253
51	118	FAGU.GRA	0.125	948	10448
51	118	LARI.LAR	0.167	290	2236
51	118	PICE.GLA	0.111	642	9754
51	118	PICE.MAR	0.091	809	7590
51	118	PICE.RUB	0.091	2093	12653
51	118	PINU.BAN	0.2	937	8787
51	118	PINU.RES	0.2	1004	10073
51	118	PINU.STR	0.143	822	7558
51	118	POPU.TRE	0.2	838	6587
51	118	QUER.RUB	0.125	1209	14646
51	118	THUJ.SPP.ALL	0.091	598	6049
51	118	TSUG.CAN	0.091	559	6571
51	119	ABIE.BAL	0.143	610	3208
51	119	ACER.RUB	0.2	618	5630
51	119	ACER.SAH	0.143	641	6573
51	119	BETU.ALL	0.143	643	5642
51	119	BETU.PAP	0.2	384	3001
51	119	FAGU.GRA	0.125	833	10024
51	119	LARI.LAR	0.167	230	1894
51	119	PICE.GLA	0.111	566	7994
51	119	PICE.MAR	0.091	822	6619
51	119	PICE.RUB	0.091	2414	11447
51	119	PINU.BAN	0.2	868	8522
51	119	PINU.RES	0.2	981	9441
51	119	PINU.STR	0.143	723	7797
51	119	POPU.TRE	0.2	651	6311
51	119	QUER.RUB	0.143	1197	12090
51	119	THUJ.SPP.ALL	0.091	542	5786
51	119	TSUG.CAN	0.091	493	6270
