LandisData "Dynamic Input Data"

>> WARNING - THIS IS A BIAS-CORRECTED INPUT FILE

>> The following multiplier was applied to all species's original maxB and maxANPP
>>	multiplier
>>	0.643475324

>> The following species' parameters (maxANPP and maxB) have also been modified

>>	species		averageMaxBiomassTarget	finalMultiplier
>>	ABIE.BAL	0.3			1.859746925

>>	year	landtype	species	probEst	maxANPP	maxB

0	90	ABIE.BAL	0.111	506	3243
0	90	ACER.RUB	0.143	741	5742
0	90	ACER.SAH	0.111	582	6345
0	90	BETU.ALL	0.111	785	5806
0	90	BETU.PAP	0.25	484	3129
0	90	FAGU.GRA	0.111	1037	10429
0	90	LARI.LAR	0.143	311	1773
0	90	PICE.GLA	0.111	723	9310
0	90	PICE.MAR	0.091	876	6630
0	90	PICE.RUB	0.083	3026	11741
0	90	PINU.BAN	0.2	999	8796
0	90	PINU.RES	0.143	1105	9647
0	90	PINU.STR	0.111	876	7578
0	90	POPU.TRE	0.167	851	6515
0	90	QUER.RUB	0.091	1806	10472
0	90	THUJ.SPP.ALL	0.091	605	6044
0	90	TSUG.CAN	0.077	493	5968
0	91	ABIE.BAL	0.111	591	3554
0	91	ACER.RUB	0.143	801	5847
0	91	ACER.SAH	0.111	848	7551
0	91	BETU.ALL	0.143	726	5567
0	91	BETU.PAP	0.2	502	3251
0	91	FAGU.GRA	0.111	1066	10086
0	91	LARI.LAR	0.143	353	2190
0	91	PICE.GLA	0.111	748	9617
0	91	PICE.MAR	0.083	628	7622
0	91	PICE.RUB	0.083	1992	12397
0	91	PINU.BAN	0.2	1049	8810
0	91	PINU.RES	0.143	1171	9588
0	91	PINU.STR	0.111	904	7821
0	91	POPU.TRE	0.167	939	6603
0	91	QUER.RUB	0.1	873	12631
0	91	THUJ.SPP.ALL	0.091	626	6370
0	91	TSUG.CAN	0.077	517	6472
0	92	ABIE.BAL	0.111	603	3247
0	92	ACER.RUB	0.143	730	5498
0	92	ACER.SAH	0.125	691	6374
0	92	BETU.ALL	0.143	670	5475
0	92	BETU.PAP	0.25	463	3179
0	92	FAGU.GRA	0.125	941	10130
0	92	LARI.LAR	0.143	281	1779
0	92	PICE.GLA	0.125	646	9029
0	92	PICE.MAR	0.083	748	6731
0	92	PICE.RUB	0.083	2836	12077
0	92	PINU.BAN	0.2	959	8798
0	92	PINU.RES	0.167	1053	9971
0	92	PINU.STR	0.111	860	7554
0	92	POPU.TRE	0.143	681	6506
0	92	QUER.RUB	0.1	1547	11739
0	92	THUJ.SPP.ALL	0.091	528	5880
0	92	TSUG.CAN	0.077	450	5879
0	93	ABIE.BAL	0.111	586	3634
0	93	ACER.RUB	0.143	782	5843
0	93	ACER.SAH	0.111	875	7939
0	93	BETU.ALL	0.143	696	5882
0	93	BETU.PAP	0.25	489	3267
0	93	FAGU.GRA	0.125	987	10608
0	93	LARI.LAR	0.143	319	2195
0	93	PICE.GLA	0.111	706	9656
0	93	PICE.MAR	0.091	735	7804
0	93	PICE.RUB	0.083	2167	12175
0	93	PINU.BAN	0.2	973	8895
0	93	PINU.RES	0.143	1094	9729
0	93	PINU.STR	0.111	876	7720
0	93	POPU.TRE	0.167	920	6825
0	93	QUER.RUB	0.1	1127	13086
0	93	THUJ.SPP.ALL	0.091	584	5979
0	93	TSUG.CAN	0.077	508	6138
0	94	ABIE.BAL	0.111	560	3759
0	94	ACER.RUB	0.125	790	5726
0	94	ACER.SAH	0.111	1026	7750
0	94	BETU.ALL	0.143	721	5977
0	94	BETU.PAP	0.25	483	3250
0	94	FAGU.GRA	0.111	1011	10881
0	94	LARI.LAR	0.143	274	2212
0	94	PICE.GLA	0.1	720	9493
0	94	PICE.MAR	0.091	863	7903
0	94	PICE.RUB	0.077	2022	12768
0	94	PINU.BAN	0.2	978	8854
0	94	PINU.RES	0.143	1112	9786
0	94	PINU.STR	0.111	842	7331
0	94	POPU.TRE	0.167	909	6688
0	94	QUER.RUB	0.091	1059	12530
0	94	THUJ.SPP.ALL	0.091	589	6001
0	94	TSUG.CAN	0.077	502	5888
0	95	ABIE.BAL	0.111	632	3413
0	95	ACER.RUB	0.143	721	5366
0	95	ACER.SAH	0.111	739	7201
0	95	BETU.ALL	0.143	688	5742
0	95	BETU.PAP	0.2	456	3087
0	95	FAGU.GRA	0.111	960	9783
0	95	LARI.LAR	0.143	277	1965
0	95	PICE.GLA	0.111	661	9189
0	95	PICE.MAR	0.091	644	7209
0	95	PICE.RUB	0.077	2628	11929
0	95	PINU.BAN	0.2	930	8714
0	95	PINU.RES	0.143	1090	10049
0	95	PINU.STR	0.111	822	7137
0	95	POPU.TRE	0.167	784	6511
0	95	QUER.RUB	0.091	1253	11610
0	95	THUJ.SPP.ALL	0.091	539	5903
0	95	TSUG.CAN	0.071	453	5737
0	100	ABIE.BAL	0.111	701	3552
0	100	ACER.RUB	0.143	633	5466
0	100	ACER.SAH	0.111	847	7628
0	100	BETU.ALL	0.125	649	5342
0	100	BETU.PAP	0.2	432	3127
0	100	FAGU.GRA	0.111	850	9682
0	100	LARI.LAR	0.143	270	2176
0	100	PICE.GLA	0.111	579	8942
0	100	PICE.MAR	0.083	821	7658
0	100	PICE.RUB	0.077	2647	12029
0	100	PINU.BAN	0.143	966	8576
0	100	PINU.RES	0.143	1045	9664
0	100	PINU.STR	0.1	694	6885
0	100	POPU.TRE	0.167	788	6457
0	100	QUER.RUB	0.091	1128	11455
0	100	THUJ.SPP.ALL	0.091	533	5733
0	100	TSUG.CAN	0.067	400	5414
0	101	ABIE.BAL	0.111	603	3422
0	101	ACER.RUB	0.125	569	5142
0	101	ACER.SAH	0.111	680	6162
0	101	BETU.ALL	0.111	629	5370
0	101	BETU.PAP	0.2	407	3012
0	101	FAGU.GRA	0.111	808	10067
0	101	LARI.LAR	0.143	273	2009
0	101	PICE.GLA	0.111	602	8416
0	101	PICE.MAR	0.083	824	7101
0	101	PICE.RUB	0.077	2710	11626
0	101	PINU.BAN	0.143	929	8519
0	101	PINU.RES	0.143	1006	9588
0	101	PINU.STR	0.1	690	6853
0	101	POPU.TRE	0.143	623	6154
0	101	QUER.RUB	0.091	2414	10593
0	101	THUJ.SPP.ALL	0.091	523	5697
0	101	TSUG.CAN	0.067	427	5384
0	102	ABIE.BAL	0.111	543	3777
0	102	ACER.RUB	0.143	725	5424
0	102	ACER.SAH	0.1	842	7780
0	102	BETU.ALL	0.125	718	5713
0	102	BETU.PAP	0.2	456	3131
0	102	FAGU.GRA	0.111	883	10120
0	102	LARI.LAR	0.143	277	2372
0	102	PICE.GLA	0.111	598	9195
0	102	PICE.MAR	0.083	918	8101
0	102	PICE.RUB	0.077	2224	12233
0	102	PINU.BAN	0.143	1000	8596
0	102	PINU.RES	0.143	1061	9606
0	102	PINU.STR	0.1	720	6803
0	102	POPU.TRE	0.167	810	6590
0	102	QUER.RUB	0.091	1097	12653
0	102	THUJ.SPP.ALL	0.091	555	5968
0	102	TSUG.CAN	0.067	470	5542
0	182	ABIE.BAL	0.111	444	3667
0	182	ACER.RUB	0.143	770	5723
0	182	ACER.SAH	0.111	813	7751
0	182	BETU.ALL	0.143	753	5701
0	182	BETU.PAP	0.143	544	3264
0	182	FAGU.GRA	0.111	1028	10409
0	182	LARI.LAR	0.143	266	2257
0	182	PICE.GLA	0.111	734	10180
0	182	PICE.MAR	0.083	762	7995
0	182	PICE.RUB	0.077	2158	11930
0	182	PINU.BAN	0.2	1036	8772
0	182	PINU.RES	0.143	1189	10077
0	182	PINU.STR	0.1	873	7207
0	182	POPU.TRE	0.167	945	6670
0	182	QUER.RUB	0.091	1037	12186
0	182	THUJ.SPP.ALL	0.091	601	6289
0	182	TSUG.CAN	0.067	501	6000
0	183	ABIE.BAL	0.111	697	3323
0	183	ACER.RUB	0.125	692	5715
0	183	ACER.SAH	0.111	688	6359
0	183	BETU.ALL	0.143	699	5776
0	183	BETU.PAP	0.2	490	3219
0	183	FAGU.GRA	0.111	972	10541
0	183	LARI.LAR	0.143	320	1923
0	183	PICE.GLA	0.111	689	9735
0	183	PICE.MAR	0.083	692	7097
0	183	PICE.RUB	0.077	2701	11722
0	183	PINU.BAN	0.167	1021	8664
0	183	PINU.RES	0.143	1122	9897
0	183	PINU.STR	0.1	815	7135
0	183	POPU.TRE	0.167	829	6628
0	183	QUER.RUB	0.091	790	10850
0	183	THUJ.SPP.ALL	0.091	581	6101
0	183	TSUG.CAN	0.067	429	5789
0	184	ABIE.BAL	0.111	701	3286
0	184	ACER.RUB	0.111	646	5214
0	184	ACER.SAH	0.1	640	6119
0	184	BETU.ALL	0.111	740	5596
0	184	BETU.PAP	0.2	479	3155
0	184	FAGU.GRA	0.111	902	10299
0	184	LARI.LAR	0.143	293	2044
0	184	PICE.GLA	0.111	671	9236
0	184	PICE.MAR	0.083	721	6994
0	184	PICE.RUB	0.077	3037	11510
0	184	PINU.BAN	0.143	1037	8652
0	184	PINU.RES	0.125	1134	9676
0	184	PINU.STR	0.091	622	6537
0	184	POPU.TRE	0.143	802	6495
0	184	QUER.RUB	0.077	1865	9010
0	184	THUJ.SPP.ALL	0.077	676	6202
0	184	TSUG.CAN	0.059	398	5267
0	185	ABIE.BAL	0.111	536	3755
0	185	ACER.RUB	0.143	690	5513
0	185	ACER.SAH	0.1	858	7639
0	185	BETU.ALL	0.111	785	5760
0	185	BETU.PAP	0.2	508	3304
0	185	FAGU.GRA	0.111	959	10184
0	185	LARI.LAR	0.143	288	2425
0	185	PICE.GLA	0.111	806	9927
0	185	PICE.MAR	0.083	755	8049
0	185	PICE.RUB	0.077	2861	12440
0	185	PINU.BAN	0.143	1097	8916
0	185	PINU.RES	0.143	1160	10001
0	185	PINU.STR	0.091	741	6699
0	185	POPU.TRE	0.143	947	6711
0	185	QUER.RUB	0.077	1130	11241
0	185	THUJ.SPP.ALL	0.077	705	6287
0	185	TSUG.CAN	0.067	402	5264
0	186	ABIE.BAL	0.111	586	3569
0	186	ACER.RUB	0.143	742	5652
0	186	ACER.SAH	0.111	769	7233
0	186	BETU.ALL	0.111	779	5867
0	186	BETU.PAP	0.2	486	3168
0	186	FAGU.GRA	0.111	980	10408
0	186	LARI.LAR	0.143	284	2063
0	186	PICE.GLA	0.1	705	9698
0	186	PICE.MAR	0.083	820	7339
0	186	PICE.RUB	0.077	2743	12193
0	186	PINU.BAN	0.167	1052	8780
0	186	PINU.RES	0.143	1159	9846
0	186	PINU.STR	0.1	839	7476
0	186	POPU.TRE	0.167	875	6599
0	186	QUER.RUB	0.091	945	11768
0	186	THUJ.SPP.ALL	0.091	588	6029
0	186	TSUG.CAN	0.067	498	5844
0	187	ABIE.BAL	0.111	612	3139
0	187	ACER.RUB	0.143	795	5369
0	187	ACER.SAH	0.111	578	5845
0	187	BETU.ALL	0.111	743	5511
0	187	BETU.PAP	0.2	467	3185
0	187	FAGU.GRA	0.111	954	10029
0	187	LARI.LAR	0.143	275	1690
0	187	PICE.GLA	0.111	652	9051
0	187	PICE.MAR	0.083	819	6754
0	187	PICE.RUB	0.077	2707	10902
0	187	PINU.BAN	0.167	1013	8672
0	187	PINU.RES	0.143	1098	9965
0	187	PINU.STR	0.1	768	7161
0	187	POPU.TRE	0.167	760	6352
0	187	QUER.RUB	0.083	1883	9963
0	187	THUJ.SPP.ALL	0.091	553	6122
0	187	TSUG.CAN	0.067	402	5230
0	188	ABIE.BAL	0.111	573	3706
0	188	ACER.RUB	0.143	777	5609
0	188	ACER.SAH	0.111	1021	7732
0	188	BETU.ALL	0.143	754	5692
0	188	BETU.PAP	0.2	515	3273
0	188	FAGU.GRA	0.111	1017	10521
0	188	LARI.LAR	0.143	288	2286
0	188	PICE.GLA	0.111	784	9938
0	188	PICE.MAR	0.083	789	7934
0	188	PICE.RUB	0.077	2545	12128
0	188	PINU.BAN	0.167	1062	8841
0	188	PINU.RES	0.143	1180	9988
0	188	PINU.STR	0.1	852	7229
0	188	POPU.TRE	0.167	920	6895
0	188	QUER.RUB	0.091	1053	12328
0	188	THUJ.SPP.ALL	0.091	600	6195
0	188	TSUG.CAN	0.062	492	6083
0	189	ABIE.BAL	0.111	515	3692
0	189	ACER.RUB	0.143	741	5559
0	189	ACER.SAH	0.1	857	7650
0	189	BETU.ALL	0.111	744	5691
0	189	BETU.PAP	0.2	510	3249
0	189	FAGU.GRA	0.111	948	10072
0	189	LARI.LAR	0.143	301	2308
0	189	PICE.GLA	0.111	772	9821
0	189	PICE.MAR	0.083	747	8017
0	189	PICE.RUB	0.077	2645	11933
0	189	PINU.BAN	0.143	1047	8724
0	189	PINU.RES	0.143	1144	9855
0	189	PINU.STR	0.1	639	6563
0	189	POPU.TRE	0.143	869	6701
0	189	QUER.RUB	0.077	1082	11086
0	189	THUJ.SPP.ALL	0.077	631	6141
0	189	TSUG.CAN	0.067	400	5418
0	190	ABIE.BAL	0.091	506	3186
0	190	ACER.RUB	0.111	620	5244
0	190	ACER.SAH	0.091	1152	5104
0	190	BETU.ALL	0.111	688	5551
0	190	BETU.PAP	0.2	462	3102
0	190	FAGU.GRA	0.111	914	9364
0	190	LARI.LAR	0.143	247	1718
0	190	PICE.GLA	0.111	634	9482
0	190	PICE.MAR	0.083	874	6338
0	190	PICE.RUB	0.077	2727	11794
0	190	PINU.BAN	0.143	1026	8661
0	190	PINU.RES	0.143	1115	9833
0	190	PINU.STR	0.091	613	6452
0	190	POPU.TRE	0.143	790	6329
0	190	QUER.RUB	0.062	1734	9498
0	190	THUJ.SPP.ALL	0.077	594	6152
0	190	TSUG.CAN	0.067	381	4724
0	191	ABIE.BAL	0.111	573	3493
0	191	ACER.RUB	0.143	700	5552
0	191	ACER.SAH	0.1	763	6875
0	191	BETU.ALL	0.143	662	5688
0	191	BETU.PAP	0.2	465	3192
0	191	FAGU.GRA	0.111	936	9529
0	191	LARI.LAR	0.143	327	2051
0	191	PICE.GLA	0.111	671	9646
0	191	PICE.MAR	0.083	743	7477
0	191	PICE.RUB	0.077	2313	12063
0	191	PINU.BAN	0.143	1046	8700
0	191	PINU.RES	0.143	1091	10035
0	191	PINU.STR	0.1	761	6908
0	191	POPU.TRE	0.143	837	6629
0	191	QUER.RUB	0.091	1137	10469
0	191	THUJ.SPP.ALL	0.091	563	6009
0	191	TSUG.CAN	0.067	414	5688
0	192	ABIE.BAL	0.111	482	3768
0	192	ACER.RUB	0.143	781	5683
0	192	ACER.SAH	0.111	950	8365
0	192	BETU.ALL	0.111	782	5896
0	192	BETU.PAP	0.143	528	3293
0	192	FAGU.GRA	0.111	978	10829
0	192	LARI.LAR	0.143	279	2333
0	192	PICE.GLA	0.111	745	9972
0	192	PICE.MAR	0.083	765	8123
0	192	PICE.RUB	0.077	2219	12362
0	192	PINU.BAN	0.167	1023	8808
0	192	PINU.RES	0.143	1129	10280
0	192	PINU.STR	0.1	830	7052
0	192	POPU.TRE	0.167	943	6623
0	192	QUER.RUB	0.091	959	12936
0	192	THUJ.SPP.ALL	0.091	609	6109
0	192	TSUG.CAN	0.067	488	5853
0	193	ABIE.BAL	0.111	606	3610
0	193	ACER.RUB	0.111	622	5305
0	193	ACER.SAH	0.1	770	7706
0	193	BETU.ALL	0.111	645	5546
0	193	BETU.PAP	0.2	396	3097
0	193	FAGU.GRA	0.111	793	9917
0	193	LARI.LAR	0.143	289	2234
0	193	PICE.GLA	0.111	616	9117
0	193	PICE.MAR	0.083	788	7809
0	193	PICE.RUB	0.077	2107	12168
0	193	PINU.BAN	0.143	935	8474
0	193	PINU.RES	0.125	1046	9494
0	193	PINU.STR	0.1	616	6459
0	193	POPU.TRE	0.143	713	6423
0	193	QUER.RUB	0.083	1107	11424
0	193	THUJ.SPP.ALL	0.077	501	5658
0	193	TSUG.CAN	0.067	366	5365
0	194	ABIE.BAL	0.111	656	3401
0	194	ACER.RUB	0.143	568	5275
0	194	ACER.SAH	0.1	678	7060
0	194	BETU.ALL	0.111	635	5265
0	194	BETU.PAP	0.2	427	3013
0	194	FAGU.GRA	0.111	801	9702
0	194	LARI.LAR	0.143	291	1938
0	194	PICE.GLA	0.111	590	7963
0	194	PICE.MAR	0.083	873	7315
0	194	PICE.RUB	0.077	2783	11676
0	194	PINU.BAN	0.143	901	8464
0	194	PINU.RES	0.125	1029	9686
0	194	PINU.STR	0.091	517	6366
0	194	POPU.TRE	0.143	671	6206
0	194	QUER.RUB	0.071	1707	9985
0	194	THUJ.SPP.ALL	0.077	495	5724
0	194	TSUG.CAN	0.067	451	4874
0	195	ABIE.BAL	0.111	722	3281
0	195	ACER.RUB	0.143	750	4778
0	195	ACER.SAH	0.1	826	5436
0	195	BETU.ALL	0.111	606	5367
0	195	BETU.PAP	0.2	393	2937
0	195	FAGU.GRA	0.111	748	9713
0	195	LARI.LAR	0.143	285	1798
0	195	PICE.GLA	0.111	615	7733
0	195	PICE.MAR	0.083	796	6971
0	195	PICE.RUB	0.071	3105	11588
0	195	PINU.BAN	0.143	869	8179
0	195	PINU.RES	0.125	961	8969
0	195	PINU.STR	0.091	507	5939
0	195	POPU.TRE	0.143	598	6087
0	195	QUER.RUB	0.071	1371	9526
0	195	THUJ.SPP.ALL	0.077	499	5517
0	195	TSUG.CAN	0.059	359	4582
0	196	ABIE.BAL	0.111	629	3610
0	196	ACER.RUB	0.143	598	5296
0	196	ACER.SAH	0.1	643	7018
0	196	BETU.ALL	0.111	665	5681
0	196	BETU.PAP	0.2	427	3115
0	196	FAGU.GRA	0.111	796	9604
0	196	LARI.LAR	0.143	273	2169
0	196	PICE.GLA	0.111	607	8561
0	196	PICE.MAR	0.083	806	7556
0	196	PICE.RUB	0.077	2959	12077
0	196	PINU.BAN	0.143	929	8410
0	196	PINU.RES	0.125	1044	9588
0	196	PINU.STR	0.091	526	6289
0	196	POPU.TRE	0.143	720	6376
0	196	QUER.RUB	0.071	1271	10933
0	196	THUJ.SPP.ALL	0.077	483	5639
0	196	TSUG.CAN	0.067	376	4910
0	197	ABIE.BAL	0.111	640	3653
0	197	ACER.RUB	0.143	603	5239
0	197	ACER.SAH	0.1	912	7664
0	197	BETU.ALL	0.111	656	5443
0	197	BETU.PAP	0.2	428	3102
0	197	FAGU.GRA	0.111	811	9680
0	197	LARI.LAR	0.143	291	2223
0	197	PICE.GLA	0.111	591	8900
0	197	PICE.MAR	0.083	858	7802
0	197	PICE.RUB	0.071	2358	11570
0	197	PINU.BAN	0.143	945	8457
0	197	PINU.RES	0.125	1057	9578
0	197	PINU.STR	0.091	519	6100
0	197	POPU.TRE	0.143	729	6560
0	197	QUER.RUB	0.077	1251	10822
0	197	THUJ.SPP.ALL	0.077	495	5524
0	197	TSUG.CAN	0.059	369	5080
0	198	ABIE.BAL	0.111	681	3385
0	198	ACER.RUB	0.143	692	5032
0	198	ACER.SAH	0.1	627	6547
0	198	BETU.ALL	0.111	618	5525
0	198	BETU.PAP	0.2	392	2990
0	198	FAGU.GRA	0.111	750	9666
0	198	LARI.LAR	0.143	278	1809
0	198	PICE.GLA	0.111	648	7796
0	198	PICE.MAR	0.083	912	6996
0	198	PICE.RUB	0.071	2558	11540
0	198	PINU.BAN	0.143	896	8359
0	198	PINU.RES	0.125	995	9305
0	198	PINU.STR	0.091	517	5805
0	198	POPU.TRE	0.143	660	6190
0	198	QUER.RUB	0.071	1570	9523
0	198	THUJ.SPP.ALL	0.077	481	5473
0	198	TSUG.CAN	0.059	380	4635
0	275	ABIE.BAL	0.111	519	3567
0	275	ACER.RUB	0.1	660	5400
0	275	ACER.SAH	0.1	728	7252
0	275	BETU.ALL	0.111	721	5906
0	275	BETU.PAP	0.143	505	3221
0	275	FAGU.GRA	0.1	919	10287
0	275	LARI.LAR	0.143	251	2147
0	275	PICE.GLA	0.111	731	9500
0	275	PICE.MAR	0.083	842	7653
0	275	PICE.RUB	0.071	2374	11480
0	275	PINU.BAN	0.143	1059	8651
0	275	PINU.RES	0.125	1158	9581
0	275	PINU.STR	0.083	543	5964
0	275	POPU.TRE	0.143	923	6608
0	275	QUER.RUB	0.059	1453	9933
0	275	THUJ.SPP.ALL	0.077	599	5972
0	275	TSUG.CAN	0.056	412	5028
0	276	ABIE.BAL	0.111	454	3091
0	276	ACER.RUB	0.125	566	5069
0	276	ACER.SAH	0.1	1109	4949
0	276	BETU.ALL	0.111	627	5627
0	276	BETU.PAP	0.143	458	3096
0	276	FAGU.GRA	0.1	895	9958
0	276	LARI.LAR	0.143	194	1525
0	276	PICE.GLA	0.1	638	9114
0	276	PICE.MAR	0.083	761	6208
0	276	PICE.RUB	0.071	2211	11016
0	276	PINU.BAN	0.143	982	8632
0	276	PINU.RES	0.125	1109	9448
0	276	PINU.STR	0.083	510	6262
0	276	POPU.TRE	0.143	748	6249
0	276	QUER.RUB	0.059	1154	7997
0	276	THUJ.SPP.ALL	0.077	576	5941
0	276	TSUG.CAN	0.059	398	4795
0	277	ABIE.BAL	0.111	511	3480
0	277	ACER.RUB	0.125	769	4913
0	277	ACER.SAH	0.083	766	5946
0	277	BETU.ALL	0.1	727	5384
0	277	BETU.PAP	0.143	491	3150
0	277	FAGU.GRA	0.1	874	9927
0	277	LARI.LAR	0.125	262	1826
0	277	PICE.GLA	0.1	753	9299
0	277	PICE.MAR	0.083	778	7337
0	277	PICE.RUB	0.062	2981	11174
0	277	PINU.BAN	0.143	1030	8610
0	277	PINU.RES	0.111	1129	9511
0	277	PINU.STR	0.056	499	5459
0	277	POPU.TRE	0.143	845	6538
0	277	QUER.RUB	0.045	1414	8492
0	277	THUJ.SPP.ALL	0.077	502	5768
0	277	TSUG.CAN	0.05	388	4769
0	278	ABIE.BAL	0.111	506	2864
0	278	ACER.RUB	0.125	709	4699
0	278	ACER.SAH	0.083	1035	4010
0	278	BETU.ALL	0.111	569	5110
0	278	BETU.PAP	0.143	433	3013
0	278	FAGU.GRA	0.1	888	9505
0	278	LARI.LAR	0.125	185	1194
0	278	PICE.GLA	0.1	609	8881
0	278	PICE.MAR	0.077	695	5996
0	278	PICE.RUB	0.062	1976	12858
0	278	PINU.BAN	0.143	979	8632
0	278	PINU.RES	0.111	1138	9555
0	278	PINU.STR	0.067	552	5499
0	278	POPU.TRE	0.143	716	6292
0	278	QUER.RUB	0.04	1152	6588
0	278	THUJ.SPP.ALL	0.077	492	5724
0	278	TSUG.CAN	0.053	433	4481
0	283	ABIE.BAL	0.1	565	3831
0	283	ACER.RUB	0.125	623	5462
0	283	ACER.SAH	0.091	853	7562
0	283	BETU.ALL	0.111	712	5824
0	283	BETU.PAP	0.2	485	3279
0	283	FAGU.GRA	0.1	933	10227
0	283	LARI.LAR	0.143	282	2145
0	283	PICE.GLA	0.111	743	9458
0	283	PICE.MAR	0.083	802	7988
0	283	PICE.RUB	0.071	2067	12043
0	283	PINU.BAN	0.143	1037	8556
0	283	PINU.RES	0.125	1129	9747
0	283	PINU.STR	0.083	537	6136
0	283	POPU.TRE	0.143	934	6671
0	283	QUER.RUB	0.062	1028	10827
0	283	THUJ.SPP.ALL	0.077	509	5861
0	283	TSUG.CAN	0.059	373	5120
0	284	ABIE.BAL	0.111	629	3322
0	284	ACER.RUB	0.125	586	5156
0	284	ACER.SAH	0.091	565	5714
0	284	BETU.ALL	0.111	661	5511
0	284	BETU.PAP	0.2	455	3190
0	284	FAGU.GRA	0.1	878	9945
0	284	LARI.LAR	0.143	265	1640
0	284	PICE.GLA	0.111	684	9334
0	284	PICE.MAR	0.083	864	6834
0	284	PICE.RUB	0.067	2187	11152
0	284	PINU.BAN	0.143	978	8460
0	284	PINU.RES	0.125	1090	9667
0	284	PINU.STR	0.083	504	6133
0	284	POPU.TRE	0.143	819	6394
0	284	QUER.RUB	0.05	1545	8913
0	284	THUJ.SPP.ALL	0.077	477	5738
0	284	TSUG.CAN	0.056	397	4820
0	288	ABIE.BAL	0.111	584	3781
0	288	ACER.RUB	0.143	656	5402
0	288	ACER.SAH	0.1	815	7799
0	288	BETU.ALL	0.111	714	5764
0	288	BETU.PAP	0.2	475	3096
0	288	FAGU.GRA	0.111	873	9729
0	288	LARI.LAR	0.143	266	2155
0	288	PICE.GLA	0.111	636	9184
0	288	PICE.MAR	0.083	811	8026
0	288	PICE.RUB	0.077	3082	12093
0	288	PINU.BAN	0.143	956	8416
0	288	PINU.RES	0.125	1071	9503
0	288	PINU.STR	0.091	571	6420
0	288	POPU.TRE	0.143	825	6533
0	288	QUER.RUB	0.077	1232	11469
0	288	THUJ.SPP.ALL	0.077	484	5603
0	288	TSUG.CAN	0.062	400	5076
0	289	ABIE.BAL	0.111	690	3362
0	289	ACER.RUB	0.111	562	5125
0	289	ACER.SAH	0.1	597	5838
0	289	BETU.ALL	0.111	625	5180
0	289	BETU.PAP	0.2	410	2941
0	289	FAGU.GRA	0.1	815	9796
0	289	LARI.LAR	0.143	262	1810
0	289	PICE.GLA	0.1	590	8265
0	289	PICE.MAR	0.083	735	7006
0	289	PICE.RUB	0.071	2473	11195
0	289	PINU.BAN	0.143	911	8315
0	289	PINU.RES	0.125	1001	9238
0	289	PINU.STR	0.091	524	5831
0	289	POPU.TRE	0.143	685	6212
0	289	QUER.RUB	0.071	1972	9887
0	289	THUJ.SPP.ALL	0.077	485	5477
0	289	TSUG.CAN	0.059	369	4787
21	90	ABIE.BAL	0.125	365	1625
21	90	ACER.RUB	0.25	511	5388
21	90	ACER.SAH	0.125	886	3609
21	90	BETU.ALL	0.125	454	5059
21	90	BETU.PAP	0.2	295	2806
21	90	FAGU.GRA	0.143	941	10532
21	90	LARI.LAR	0.143	96	707
21	90	PICE.GLA	0.111	732	7737
21	90	PICE.MAR	0.083	303	3595
21	90	PICE.RUB	0.083	1495	11940
21	90	PINU.BAN	0.167	745	8359
21	90	PINU.RES	0.167	889	9198
21	90	PINU.STR	0.143	815	7422
21	90	POPU.TRE	0.25	667	5953
21	90	QUER.RUB	0.111	862	7791
21	90	THUJ.SPP.ALL	0.091	589	5868
21	90	TSUG.CAN	0.091	526	5669
21	91	ABIE.BAL	0.125	491	2436
21	91	ACER.RUB	0.25	624	5650
21	91	ACER.SAH	0.125	1219	4600
21	91	BETU.ALL	0.125	556	5295
21	91	BETU.PAP	0.2	362	2972
21	91	FAGU.GRA	0.143	940	10525
21	91	LARI.LAR	0.143	184	1012
21	91	PICE.GLA	0.111	689	8622
21	91	PICE.MAR	0.083	471	4645
21	91	PICE.RUB	0.083	1791	10426
21	91	PINU.BAN	0.167	824	8469
21	91	PINU.RES	0.167	941	9490
21	91	PINU.STR	0.143	844	7845
21	91	POPU.TRE	0.25	672	6271
21	91	QUER.RUB	0.111	1026	9525
21	91	THUJ.SPP.ALL	0.091	607	6173
21	91	TSUG.CAN	0.091	567	5901
21	92	ABIE.BAL	0.111	482	2133
21	92	ACER.RUB	0.25	812	5327
21	92	ACER.SAH	0.125	884	3808
21	92	BETU.ALL	0.125	453	5307
21	92	BETU.PAP	0.143	315	2790
21	92	FAGU.GRA	0.143	897	10256
21	92	LARI.LAR	0.143	163	999
21	92	PICE.GLA	0.111	821	7791
21	92	PICE.MAR	0.083	436	4562
21	92	PICE.RUB	0.083	2387	12054
21	92	PINU.BAN	0.167	698	8132
21	92	PINU.RES	0.143	903	9579
21	92	PINU.STR	0.143	784	7696
21	92	POPU.TRE	0.25	583	5943
21	92	QUER.RUB	0.125	1954	9375
21	92	THUJ.SPP.ALL	0.091	568	5785
21	92	TSUG.CAN	0.091	597	5514
21	93	ABIE.BAL	0.111	536	2855
21	93	ACER.RUB	0.25	681	5595
21	93	ACER.SAH	0.125	1824	5971
21	93	BETU.ALL	0.125	566	5374
21	93	BETU.PAP	0.2	385	2995
21	93	FAGU.GRA	0.143	926	10501
21	93	LARI.LAR	0.143	205	1491
21	93	PICE.GLA	0.111	703	8709
21	93	PICE.MAR	0.083	666	5936
21	93	PICE.RUB	0.083	2150	10902
21	93	PINU.BAN	0.167	748	8382
21	93	PINU.RES	0.143	944	9655
21	93	PINU.STR	0.143	829	7600
21	93	POPU.TRE	0.25	696	6258
21	93	QUER.RUB	0.111	1349	11870
21	93	THUJ.SPP.ALL	0.091	566	5863
21	93	TSUG.CAN	0.091	526	6579
21	94	ABIE.BAL	0.125	500	3165
21	94	ACER.RUB	0.25	674	5675
21	94	ACER.SAH	0.125	1430	6278
21	94	BETU.ALL	0.125	604	5419
21	94	BETU.PAP	0.2	391	3054
21	94	FAGU.GRA	0.143	943	10626
21	94	LARI.LAR	0.143	225	1659
21	94	PICE.GLA	0.111	713	8691
21	94	PICE.MAR	0.083	523	6269
21	94	PICE.RUB	0.083	1984	11175
21	94	PINU.BAN	0.167	809	8360
21	94	PINU.RES	0.167	960	9675
21	94	PINU.STR	0.143	839	7744
21	94	POPU.TRE	0.25	672	6327
21	94	QUER.RUB	0.111	1311	12036
21	94	THUJ.SPP.ALL	0.1	581	6031
21	94	TSUG.CAN	0.091	559	6417
21	95	ABIE.BAL	0.125	532	2821
21	95	ACER.RUB	0.25	618	5511
21	95	ACER.SAH	0.125	1525	5082
21	95	BETU.ALL	0.125	568	5138
21	95	BETU.PAP	0.2	369	2986
21	95	FAGU.GRA	0.143	898	9946
21	95	LARI.LAR	0.143	232	1389
21	95	PICE.GLA	0.111	730	8428
21	95	PICE.MAR	0.083	668	5400
21	95	PICE.RUB	0.083	1609	11133
21	95	PINU.BAN	0.167	777	8436
21	95	PINU.RES	0.167	909	9462
21	95	PINU.STR	0.143	799	7929
21	95	POPU.TRE	0.25	694	6222
21	95	QUER.RUB	0.111	1336	10290
21	95	THUJ.SPP.ALL	0.1	575	5608
21	95	TSUG.CAN	0.091	532	6098
21	100	ABIE.BAL	0.125	552	3167
21	100	ACER.RUB	0.167	622	5693
21	100	ACER.SAH	0.125	864	6287
21	100	BETU.ALL	0.143	585	5539
21	100	BETU.PAP	0.25	376	3090
21	100	FAGU.GRA	0.125	893	10383
21	100	LARI.LAR	0.143	200	1735
21	100	PICE.GLA	0.111	753	8188
21	100	PICE.MAR	0.083	695	6599
21	100	PICE.RUB	0.083	1682	11411
21	100	PINU.BAN	0.167	815	8379
21	100	PINU.RES	0.143	967	9355
21	100	PINU.STR	0.143	776	7560
21	100	POPU.TRE	0.25	636	6227
21	100	QUER.RUB	0.111	1326	12253
21	100	THUJ.SPP.ALL	0.1	566	5861
21	100	TSUG.CAN	0.083	514	5956
21	101	ABIE.BAL	0.125	489	2974
21	101	ACER.RUB	0.167	554	5498
21	101	ACER.SAH	0.125	2344	5525
21	101	BETU.ALL	0.143	538	5263
21	101	BETU.PAP	0.25	322	2932
21	101	FAGU.GRA	0.125	866	9801
21	101	LARI.LAR	0.143	235	1522
21	101	PICE.GLA	0.111	831	7526
21	101	PICE.MAR	0.083	677	6072
21	101	PICE.RUB	0.083	2115	11009
21	101	PINU.BAN	0.167	746	8411
21	101	PINU.RES	0.143	925	9367
21	101	PINU.STR	0.143	741	7207
21	101	POPU.TRE	0.25	688	5905
21	101	QUER.RUB	0.111	927	11032
21	101	THUJ.SPP.ALL	0.1	555	5689
21	101	TSUG.CAN	0.083	488	5942
21	102	ABIE.BAL	0.125	714	3372
21	102	ACER.RUB	0.167	710	5698
21	102	ACER.SAH	0.125	703	7490
21	102	BETU.ALL	0.143	604	5574
21	102	BETU.PAP	0.25	408	3017
21	102	FAGU.GRA	0.125	919	10859
21	102	LARI.LAR	0.143	221	2048
21	102	PICE.GLA	0.111	692	8321
21	102	PICE.MAR	0.083	620	6980
21	102	PICE.RUB	0.083	1968	11961
21	102	PINU.BAN	0.167	816	8408
21	102	PINU.RES	0.143	989	9799
21	102	PINU.STR	0.143	790	7857
21	102	POPU.TRE	0.25	675	6350
21	102	QUER.RUB	0.111	1301	13837
21	102	THUJ.SPP.ALL	0.1	578	5973
21	102	TSUG.CAN	0.083	550	6363
21	182	ABIE.BAL	0.125	528	2821
21	182	ACER.RUB	0.167	683	5625
21	182	ACER.SAH	0.125	1397	5220
21	182	BETU.ALL	0.125	699	5375
21	182	BETU.PAP	0.25	374	3062
21	182	FAGU.GRA	0.125	983	10594
21	182	LARI.LAR	0.143	177	1435
21	182	PICE.GLA	0.111	706	9182
21	182	PICE.MAR	0.083	565	5483
21	182	PICE.RUB	0.083	1942	10272
21	182	PINU.BAN	0.167	897	8509
21	182	PINU.RES	0.167	947	10151
21	182	PINU.STR	0.143	871	7766
21	182	POPU.TRE	0.25	750	6405
21	182	QUER.RUB	0.111	1788	10900
21	182	THUJ.SPP.ALL	0.1	611	6146
21	182	TSUG.CAN	0.091	514	6278
21	183	ABIE.BAL	0.125	448	2351
21	183	ACER.RUB	0.167	620	5399
21	183	ACER.SAH	0.125	1194	4071
21	183	BETU.ALL	0.143	548	5467
21	183	BETU.PAP	0.25	342	2878
21	183	FAGU.GRA	0.125	943	10529
21	183	LARI.LAR	0.143	165	927
21	183	PICE.GLA	0.111	721	8314
21	183	PICE.MAR	0.083	498	4858
21	183	PICE.RUB	0.083	2165	11597
21	183	PINU.BAN	0.167	862	8423
21	183	PINU.RES	0.167	930	10030
21	183	PINU.STR	0.143	815	7995
21	183	POPU.TRE	0.25	747	6103
21	183	QUER.RUB	0.111	3632	10604
21	183	THUJ.SPP.ALL	0.1	580	5883
21	183	TSUG.CAN	0.091	508	5870
21	184	ABIE.BAL	0.125	577	2319
21	184	ACER.RUB	0.167	639	5625
21	184	ACER.SAH	0.125	858	4250
21	184	BETU.ALL	0.143	557	5509
21	184	BETU.PAP	0.25	340	2975
21	184	FAGU.GRA	0.125	949	9956
21	184	LARI.LAR	0.143	185	1142
21	184	PICE.GLA	0.125	689	8624
21	184	PICE.MAR	0.083	475	4584
21	184	PICE.RUB	0.083	1883	12601
21	184	PINU.BAN	0.2	889	8507
21	184	PINU.RES	0.167	993	9746
21	184	PINU.STR	0.143	840	7617
21	184	POPU.TRE	0.167	645	6130
21	184	QUER.RUB	0.111	1790	9392
21	184	THUJ.SPP.ALL	0.1	646	6303
21	184	TSUG.CAN	0.083	512	5958
21	185	ABIE.BAL	0.125	591	3028
21	185	ACER.RUB	0.167	727	5638
21	185	ACER.SAH	0.143	1024	5783
21	185	BETU.ALL	0.143	649	5593
21	185	BETU.PAP	0.25	405	3092
21	185	FAGU.GRA	0.125	989	10691
21	185	LARI.LAR	0.143	210	1724
21	185	PICE.GLA	0.125	700	9153
21	185	PICE.MAR	0.083	620	6312
21	185	PICE.RUB	0.091	1917	11218
21	185	PINU.BAN	0.25	908	8637
21	185	PINU.RES	0.167	1060	9767
21	185	PINU.STR	0.143	882	7652
21	185	POPU.TRE	0.167	829	6461
21	185	QUER.RUB	0.111	1551	10854
21	185	THUJ.SPP.ALL	0.1	666	6326
21	185	TSUG.CAN	0.083	559	6312
21	186	ABIE.BAL	0.125	578	2271
21	186	ACER.RUB	0.2	686	5370
21	186	ACER.SAH	0.125	1793	4481
21	186	BETU.ALL	0.125	562	5221
21	186	BETU.PAP	0.25	346	2986
21	186	FAGU.GRA	0.125	957	10197
21	186	LARI.LAR	0.143	191	1070
21	186	PICE.GLA	0.111	663	8469
21	186	PICE.MAR	0.083	452	5083
21	186	PICE.RUB	0.083	2210	10954
21	186	PINU.BAN	0.167	862	8534
21	186	PINU.RES	0.167	964	9643
21	186	PINU.STR	0.143	858	7570
21	186	POPU.TRE	0.25	638	6302
21	186	QUER.RUB	0.111	712	9332
21	186	THUJ.SPP.ALL	0.1	584	5926
21	186	TSUG.CAN	0.091	555	5936
21	187	ABIE.BAL	0.125	457	1873
21	187	ACER.RUB	0.167	612	5359
21	187	ACER.SAH	0.125	1778	3655
21	187	BETU.ALL	0.143	503	5177
21	187	BETU.PAP	0.25	335	2848
21	187	FAGU.GRA	0.125	919	10038
21	187	LARI.LAR	0.143	105	781
21	187	PICE.GLA	0.111	752	7822
21	187	PICE.MAR	0.083	478	3812
21	187	PICE.RUB	0.071	1911	13271
21	187	PINU.BAN	0.167	819	8459
21	187	PINU.RES	0.143	940	9540
21	187	PINU.STR	0.143	834	7462
21	187	POPU.TRE	0.25	664	6145
21	187	QUER.RUB	0.111	874	8006
21	187	THUJ.SPP.ALL	0.1	581	5879
21	187	TSUG.CAN	0.091	523	5922
21	188	ABIE.BAL	0.125	524	2894
21	188	ACER.RUB	0.2	691	5720
21	188	ACER.SAH	0.125	1277	5365
21	188	BETU.ALL	0.125	633	5531
21	188	BETU.PAP	0.25	409	3089
21	188	FAGU.GRA	0.125	999	10368
21	188	LARI.LAR	0.143	194	1457
21	188	PICE.GLA	0.111	697	9054
21	188	PICE.MAR	0.083	494	5410
21	188	PICE.RUB	0.083	2161	10731
21	188	PINU.BAN	0.167	879	8583
21	188	PINU.RES	0.167	972	9846
21	188	PINU.STR	0.143	876	7590
21	188	POPU.TRE	0.25	717	6401
21	188	QUER.RUB	0.111	1322	11163
21	188	THUJ.SPP.ALL	0.1	591	6094
21	188	TSUG.CAN	0.091	530	6005
21	189	ABIE.BAL	0.125	508	3132
21	189	ACER.RUB	0.167	641	5755
21	189	ACER.SAH	0.125	1764	6194
21	189	BETU.ALL	0.143	667	5626
21	189	BETU.PAP	0.25	446	3083
21	189	FAGU.GRA	0.125	997	10377
21	189	LARI.LAR	0.143	216	1629
21	189	PICE.GLA	0.125	719	8896
21	189	PICE.MAR	0.091	672	6343
21	189	PICE.RUB	0.083	1409	11174
21	189	PINU.BAN	0.25	918	8745
21	189	PINU.RES	0.167	989	9548
21	189	PINU.STR	0.143	878	7854
21	189	POPU.TRE	0.167	741	6471
21	189	QUER.RUB	0.111	1040	12192
21	189	THUJ.SPP.ALL	0.1	625	6141
21	189	TSUG.CAN	0.083	546	6447
21	190	ABIE.BAL	0.125	314	2221
21	190	ACER.RUB	0.167	549	5509
21	190	ACER.SAH	0.1	586	3584
21	190	BETU.ALL	0.143	525	5432
21	190	BETU.PAP	0.25	332	2836
21	190	FAGU.GRA	0.125	934	10164
21	190	LARI.LAR	0.143	158	891
21	190	PICE.GLA	0.125	697	8028
21	190	PICE.MAR	0.077	613	4610
21	190	PICE.RUB	0.083	1634	12238
21	190	PINU.BAN	0.25	1065	8396
21	190	PINU.RES	0.167	966	9902
21	190	PINU.STR	0.143	799	7664
21	190	POPU.TRE	0.167	719	5924
21	190	QUER.RUB	0.111	2837	9311
21	190	THUJ.SPP.ALL	0.1	610	6017
21	190	TSUG.CAN	0.083	526	5810
21	191	ABIE.BAL	0.125	565	2935
21	191	ACER.RUB	0.167	674	5646
21	191	ACER.SAH	0.125	1316	5500
21	191	BETU.ALL	0.143	597	5571
21	191	BETU.PAP	0.25	463	2966
21	191	FAGU.GRA	0.125	943	10170
21	191	LARI.LAR	0.143	257	1457
21	191	PICE.GLA	0.111	671	8920
21	191	PICE.MAR	0.083	698	5831
21	191	PICE.RUB	0.083	1907	10960
21	191	PINU.BAN	0.25	799	8529
21	191	PINU.RES	0.143	979	9611
21	191	PINU.STR	0.143	850	7872
21	191	POPU.TRE	0.25	611	6367
21	191	QUER.RUB	0.111	2538	10751
21	191	THUJ.SPP.ALL	0.1	566	5908
21	191	TSUG.CAN	0.083	558	6041
21	192	ABIE.BAL	0.125	439	3167
21	192	ACER.RUB	0.167	770	5865
21	192	ACER.SAH	0.125	1565	6205
21	192	BETU.ALL	0.125	680	5482
21	192	BETU.PAP	0.25	428	3091
21	192	FAGU.GRA	0.125	981	9951
21	192	LARI.LAR	0.143	198	1744
21	192	PICE.GLA	0.111	682	9269
21	192	PICE.MAR	0.083	661	6590
21	192	PICE.RUB	0.083	1600	11406
21	192	PINU.BAN	0.167	900	8466
21	192	PINU.RES	0.167	1032	9540
21	192	PINU.STR	0.143	874	7732
21	192	POPU.TRE	0.25	847	6455
21	192	QUER.RUB	0.111	1337	12915
21	192	THUJ.SPP.ALL	0.1	612	6002
21	192	TSUG.CAN	0.091	528	6352
21	193	ABIE.BAL	0.125	632	3338
21	193	ACER.RUB	0.167	651	5686
21	193	ACER.SAH	0.125	699	6793
21	193	BETU.ALL	0.143	591	5471
21	193	BETU.PAP	0.25	366	2932
21	193	FAGU.GRA	0.125	867	10256
21	193	LARI.LAR	0.167	240	1962
21	193	PICE.GLA	0.125	786	8103
21	193	PICE.MAR	0.083	516	6989
21	193	PICE.RUB	0.083	1822	11729
21	193	PINU.BAN	0.25	1158	8290
21	193	PINU.RES	0.143	968	9825
21	193	PINU.STR	0.143	753	7429
21	193	POPU.TRE	0.167	695	6335
21	193	QUER.RUB	0.111	1226	12923
21	193	THUJ.SPP.ALL	0.1	557	5692
21	193	TSUG.CAN	0.083	533	6177
21	194	ABIE.BAL	0.125	444	3130
21	194	ACER.RUB	0.167	562	5356
21	194	ACER.SAH	0.125	1008	5811
21	194	BETU.ALL	0.143	597	5229
21	194	BETU.PAP	0.25	356	2993
21	194	FAGU.GRA	0.125	847	9644
21	194	LARI.LAR	0.167	229	1654
21	194	PICE.GLA	0.125	694	8093
21	194	PICE.MAR	0.083	701	6356
21	194	PICE.RUB	0.083	1755	11480
21	194	PINU.BAN	0.25	721	8389
21	194	PINU.RES	0.167	898	9436
21	194	PINU.STR	0.143	728	7322
21	194	POPU.TRE	0.167	651	6100
21	194	QUER.RUB	0.111	1412	11794
21	194	THUJ.SPP.ALL	0.1	578	5563
21	194	TSUG.CAN	0.083	484	5910
21	195	ABIE.BAL	0.125	519	2951
21	195	ACER.RUB	0.167	500	5343
21	195	ACER.SAH	0.125	2748	4788
21	195	BETU.ALL	0.143	533	5453
21	195	BETU.PAP	0.25	327	2855
21	195	FAGU.GRA	0.125	763	10041
21	195	LARI.LAR	0.167	196	1396
21	195	PICE.GLA	0.125	796	7684
21	195	PICE.MAR	0.083	581	6371
21	195	PICE.RUB	0.083	2727	11531
21	195	PINU.BAN	0.25	690	8362
21	195	PINU.RES	0.167	878	9218
21	195	PINU.STR	0.143	688	7216
21	195	POPU.TRE	0.167	638	6015
21	195	QUER.RUB	0.111	1012	10493
21	195	THUJ.SPP.ALL	0.1	564	5546
21	195	TSUG.CAN	0.083	504	5631
21	196	ABIE.BAL	0.125	619	3260
21	196	ACER.RUB	0.167	651	5554
21	196	ACER.SAH	0.125	717	6625
21	196	BETU.ALL	0.143	601	5437
21	196	BETU.PAP	0.25	367	2955
21	196	FAGU.GRA	0.125	846	9783
21	196	LARI.LAR	0.167	201	1890
21	196	PICE.GLA	0.125	660	7884
21	196	PICE.MAR	0.083	621	6572
21	196	PICE.RUB	0.083	1775	11240
21	196	PINU.BAN	0.25	743	8466
21	196	PINU.RES	0.167	906	9382
21	196	PINU.STR	0.143	749	7572
21	196	POPU.TRE	0.167	622	6331
21	196	QUER.RUB	0.111	1201	12777
21	196	THUJ.SPP.ALL	0.1	555	5619
21	196	TSUG.CAN	0.083	515	6354
21	197	ABIE.BAL	0.125	619	3413
21	197	ACER.RUB	0.167	662	5437
21	197	ACER.SAH	0.125	1078	7446
21	197	BETU.ALL	0.143	593	5476
21	197	BETU.PAP	0.25	389	3096
21	197	FAGU.GRA	0.125	880	10150
21	197	LARI.LAR	0.167	275	2031
21	197	PICE.GLA	0.125	723	8403
21	197	PICE.MAR	0.083	629	7161
21	197	PICE.RUB	0.091	2067	12128
21	197	PINU.BAN	0.25	775	8571
21	197	PINU.RES	0.167	957	9606
21	197	PINU.STR	0.143	747	7522
21	197	POPU.TRE	0.167	738	6322
21	197	QUER.RUB	0.111	1251	13550
21	197	THUJ.SPP.ALL	0.1	546	5824
21	197	TSUG.CAN	0.083	502	6168
21	198	ABIE.BAL	0.125	457	3005
21	198	ACER.RUB	0.167	539	5412
21	198	ACER.SAH	0.125	2856	5472
21	198	BETU.ALL	0.143	562	5395
21	198	BETU.PAP	0.25	338	2936
21	198	FAGU.GRA	0.125	815	10011
21	198	LARI.LAR	0.167	228	1491
21	198	PICE.GLA	0.125	739	7478
21	198	PICE.MAR	0.083	577	6285
21	198	PICE.RUB	0.083	1934	11178
21	198	PINU.BAN	0.25	1114	8202
21	198	PINU.RES	0.167	875	9352
21	198	PINU.STR	0.143	700	7300
21	198	POPU.TRE	0.167	629	6105
21	198	QUER.RUB	0.111	788	11400
21	198	THUJ.SPP.ALL	0.1	558	5551
21	198	TSUG.CAN	0.083	512	5992
21	275	ABIE.BAL	0.111	577	2871
21	275	ACER.RUB	0.167	665	5488
21	275	ACER.SAH	0.125	663	4979
21	275	BETU.ALL	0.143	645	5408
21	275	BETU.PAP	0.25	411	3087
21	275	FAGU.GRA	0.125	956	10164
21	275	LARI.LAR	0.167	162	1480
21	275	PICE.GLA	0.125	699	8822
21	275	PICE.MAR	0.1	746	5702
21	275	PICE.RUB	0.083	1607	10597
21	275	PINU.BAN	0.167	989	8688
21	275	PINU.RES	0.167	1022	9776
21	275	PINU.STR	0.143	870	7704
21	275	POPU.TRE	0.167	770	6276
21	275	QUER.RUB	0.111	1653	9559
21	275	THUJ.SPP.ALL	0.091	638	6041
21	275	TSUG.CAN	0.083	515	6136
21	276	ABIE.BAL	0.125	383	2234
21	276	ACER.RUB	0.167	579	5261
21	276	ACER.SAH	0.125	988	3110
21	276	BETU.ALL	0.143	532	5368
21	276	BETU.PAP	0.25	365	2853
21	276	FAGU.GRA	0.125	948	10190
21	276	LARI.LAR	0.167	100	764
21	276	PICE.GLA	0.125	802	8476
21	276	PICE.MAR	0.077	349	4184
21	276	PICE.RUB	0.077	2013	15228
21	276	PINU.BAN	0.167	903	8523
21	276	PINU.RES	0.167	1031	9410
21	276	PINU.STR	0.143	806	7493
21	276	POPU.TRE	0.167	651	5999
21	276	QUER.RUB	0.111	2488	8623
21	276	THUJ.SPP.ALL	0.091	622	6329
21	276	TSUG.CAN	0.083	479	5809
21	277	ABIE.BAL	0.111	552	2907
21	277	ACER.RUB	0.143	701	5544
21	277	ACER.SAH	0.111	800	5452
21	277	BETU.ALL	0.125	631	5672
21	277	BETU.PAP	0.25	424	3130
21	277	FAGU.GRA	0.125	994	10079
21	277	LARI.LAR	0.167	224	1561
21	277	PICE.GLA	0.111	762	9305
21	277	PICE.MAR	0.083	704	6056
21	277	PICE.RUB	0.083	1755	11024
21	277	PINU.BAN	0.167	997	8657
21	277	PINU.RES	0.143	1091	9699
21	277	PINU.STR	0.125	885	7643
21	277	POPU.TRE	0.167	704	6525
21	277	QUER.RUB	0.111	1183	10487
21	277	THUJ.SPP.ALL	0.091	555	6034
21	277	TSUG.CAN	0.083	517	6214
21	278	ABIE.BAL	0.111	469	2018
21	278	ACER.RUB	0.167	539	5200
21	278	ACER.SAH	0.111	1568	3271
21	278	BETU.ALL	0.125	559	4997
21	278	BETU.PAP	0.25	463	2780
21	278	FAGU.GRA	0.125	864	9913
21	278	LARI.LAR	0.125	149	517
21	278	PICE.GLA	0.111	671	8050
21	278	PICE.MAR	0.071	521	4485
21	278	PICE.RUB	0.083	1887	12678
21	278	PINU.BAN	0.167	902	8487
21	278	PINU.RES	0.143	972	9574
21	278	PINU.STR	0.125	817	7491
21	278	POPU.TRE	0.167	706	5909
21	278	QUER.RUB	0.1	1264	7545
21	278	THUJ.SPP.ALL	0.091	558	5780
21	278	TSUG.CAN	0.083	465	5496
21	283	ABIE.BAL	0.143	839	3398
21	283	ACER.RUB	0.167	774	5704
21	283	ACER.SAH	0.125	741	6551
21	283	BETU.ALL	0.143	653	5618
21	283	BETU.PAP	0.25	437	3181
21	283	FAGU.GRA	0.125	963	10132
21	283	LARI.LAR	0.167	263	1865
21	283	PICE.GLA	0.125	759	9686
21	283	PICE.MAR	0.083	623	7004
21	283	PICE.RUB	0.083	2052	11953
21	283	PINU.BAN	0.2	995	8609
21	283	PINU.RES	0.167	1041	9725
21	283	PINU.STR	0.143	865	7622
21	283	POPU.TRE	0.167	856	6527
21	283	QUER.RUB	0.111	1178	13047
21	283	THUJ.SPP.ALL	0.1	553	5982
21	283	TSUG.CAN	0.083	569	6522
21	284	ABIE.BAL	0.125	519	2855
21	284	ACER.RUB	0.167	623	5540
21	284	ACER.SAH	0.125	1467	5012
21	284	BETU.ALL	0.143	595	5535
21	284	BETU.PAP	0.25	391	2993
21	284	FAGU.GRA	0.125	941	10474
21	284	LARI.LAR	0.167	223	1278
21	284	PICE.GLA	0.125	744	8758
21	284	PICE.MAR	0.083	680	5766
21	284	PICE.RUB	0.083	1854	11191
21	284	PINU.BAN	0.2	877	8540
21	284	PINU.RES	0.167	947	9937
21	284	PINU.STR	0.143	825	7565
21	284	POPU.TRE	0.167	664	6224
21	284	QUER.RUB	0.111	1068	9938
21	284	THUJ.SPP.ALL	0.091	542	5796
21	284	TSUG.CAN	0.083	528	6116
21	288	ABIE.BAL	0.143	720	3294
21	288	ACER.RUB	0.167	696	5560
21	288	ACER.SAH	0.125	737	6941
21	288	BETU.ALL	0.143	628	5499
21	288	BETU.PAP	0.25	425	3057
21	288	FAGU.GRA	0.125	935	10478
21	288	LARI.LAR	0.167	183	1833
21	288	PICE.GLA	0.125	714	8668
21	288	PICE.MAR	0.083	595	6841
21	288	PICE.RUB	0.091	2396	11431
21	288	PINU.BAN	0.25	847	8486
21	288	PINU.RES	0.167	931	9566
21	288	PINU.STR	0.143	814	7472
21	288	POPU.TRE	0.167	703	6428
21	288	QUER.RUB	0.111	1038	13435
21	288	THUJ.SPP.ALL	0.1	561	5767
21	288	TSUG.CAN	0.083	545	6073
21	289	ABIE.BAL	0.125	640	2838
21	289	ACER.RUB	0.167	535	5291
21	289	ACER.SAH	0.125	1143	5469
21	289	BETU.ALL	0.143	549	5188
21	289	BETU.PAP	0.25	333	2861
21	289	FAGU.GRA	0.125	791	10071
21	289	LARI.LAR	0.167	190	1351
21	289	PICE.GLA	0.125	793	8013
21	289	PICE.MAR	0.083	566	5697
21	289	PICE.RUB	0.083	1853	11035
21	289	PINU.BAN	0.25	775	8366
21	289	PINU.RES	0.167	858	9333
21	289	PINU.STR	0.143	764	7293
21	289	POPU.TRE	0.167	604	6053
21	289	QUER.RUB	0.111	1316	10723
21	289	THUJ.SPP.ALL	0.1	544	5553
21	289	TSUG.CAN	0.083	468	5858
51	90	ABIE.BAL	0.031	2	28
51	90	ACER.RUB	0.25	586	4363
51	90	ACER.SAH	0.1	165	1178
51	90	BETU.ALL	0.025	234	1779
51	90	BETU.PAP	0.143	223	1490
51	90	FAGU.GRA	0.125	746	10127
51	90	LARI.LAR	0.111	1	3
51	90	PICE.GLA	0.071	200	2425
51	90	PICE.MAR	0.014	2	21
51	90	PICE.RUB	0	0	0
51	90	PINU.BAN	0.125	448	4661
51	90	PINU.RES	0.125	1022	7656
51	90	PINU.STR	0.143	587	6921
51	90	POPU.TRE	0.167	832	4219
51	90	QUER.RUB	0.167	613	4666
51	90	THUJ.SPP.ALL	0.083	595	5065
51	90	TSUG.CAN	0.077	356	3285
51	91	ABIE.BAL	0.091	108	500
51	91	ACER.RUB	0.25	519	4807
51	91	ACER.SAH	0.1	580	3031
51	91	BETU.ALL	0.025	301	2280
51	91	BETU.PAP	0.143	272	1619
51	91	FAGU.GRA	0.125	849	9586
51	91	LARI.LAR	0.111	1	6
51	91	PICE.GLA	0.071	217	2831
51	91	PICE.MAR	0.027	73	444
51	91	PICE.RUB	0	0	0
51	91	PINU.BAN	0.125	553	4724
51	91	PINU.RES	0.125	1031	8057
51	91	PINU.STR	0.143	608	6863
51	91	POPU.TRE	0.167	811	4630
51	91	QUER.RUB	0.167	773	6613
51	91	THUJ.SPP.ALL	0.083	611	4896
51	91	TSUG.CAN	0.077	291	3447
51	92	ABIE.BAL	0.031	9	60
51	92	ACER.RUB	0.25	462	4473
51	92	ACER.SAH	0.053	198	871
51	92	BETU.ALL	0.024	146	1169
51	92	BETU.PAP	0.143	220	1315
51	92	FAGU.GRA	0.125	755	9446
51	92	LARI.LAR	0.026	1	1
51	92	PICE.GLA	0.024	180	1519
51	92	PICE.MAR	0	0	0
51	92	PICE.RUB	0	0	0
51	92	PINU.BAN	0.125	419	4378
51	92	PINU.RES	0.125	1006	7564
51	92	PINU.STR	0.143	582	7047
51	92	POPU.TRE	0.143	653	4215
51	92	QUER.RUB	0.111	611	5332
51	92	THUJ.SPP.ALL	0.077	408	4718
51	92	TSUG.CAN	0.071	284	3085
51	93	ABIE.BAL	0.091	123	643
51	93	ACER.RUB	0.25	460	4934
51	93	ACER.SAH	0.111	1158	3334
51	93	BETU.ALL	0.024	237	1965
51	93	BETU.PAP	0.143	234	1669
51	93	FAGU.GRA	0.125	784	9792
51	93	LARI.LAR	0.1	7	42
51	93	PICE.GLA	0.024	224	2446
51	93	PICE.MAR	0.027	93	472
51	93	PICE.RUB	0	0	0
51	93	PINU.BAN	0.125	445	4748
51	93	PINU.RES	0.125	1022	7709
51	93	PINU.STR	0.143	584	7112
51	93	POPU.TRE	0.167	790	4800
51	93	QUER.RUB	0.167	1221	6763
51	93	THUJ.SPP.ALL	0.077	488	4883
51	93	TSUG.CAN	0.071	363	3720
51	94	ABIE.BAL	0.091	158	776
51	94	ACER.RUB	0.25	497	4986
51	94	ACER.SAH	0.111	669	3348
51	94	BETU.ALL	0.091	346	2300
51	94	BETU.PAP	0.143	292	1779
51	94	FAGU.GRA	0.125	844	10127
51	94	LARI.LAR	0.111	17	97
51	94	PICE.GLA	0.1	259	3368
51	94	PICE.MAR	0.027	132	944
51	94	PICE.RUB	0	0	0
51	94	PINU.BAN	0.143	499	5144
51	94	PINU.RES	0.125	918	7787
51	94	PINU.STR	0.143	607	7336
51	94	POPU.TRE	0.167	766	5109
51	94	QUER.RUB	0.167	1407	7068
51	94	THUJ.SPP.ALL	0.083	603	4908
51	94	TSUG.CAN	0.077	333	3547
51	95	ABIE.BAL	0.091	99	236
51	95	ACER.RUB	0.25	545	4737
51	95	ACER.SAH	0.111	431	1912
51	95	BETU.ALL	0.083	427	2100
51	95	BETU.PAP	0.143	234	1688
51	95	FAGU.GRA	0.125	790	9969
51	95	LARI.LAR	0.111	1	3
51	95	PICE.GLA	0.1	225	2922
51	95	PICE.MAR	0.029	24	232
51	95	PICE.RUB	0	0	0
51	95	PINU.BAN	0.143	926	5076
51	95	PINU.RES	0.125	922	7609
51	95	PINU.STR	0.143	602	7186
51	95	POPU.TRE	0.167	717	4703
51	95	QUER.RUB	0.167	528	5924
51	95	THUJ.SPP.ALL	0.083	553	4876
51	95	TSUG.CAN	0.077	313	3638
51	100	ABIE.BAL	0.111	299	1086
51	100	ACER.RUB	0.25	663	4856
51	100	ACER.SAH	0.1	1116	3585
51	100	BETU.ALL	0.1	299	2995
51	100	BETU.PAP	0.143	319	1989
51	100	FAGU.GRA	0.125	778	10146
51	100	LARI.LAR	0.143	43	214
51	100	PICE.GLA	0.1	313	3961
51	100	PICE.MAR	0.03	207	1515
51	100	PICE.RUB	0	0	0
51	100	PINU.BAN	0.143	837	5721
51	100	PINU.RES	0.125	1091	7955
51	100	PINU.STR	0.143	597	6838
51	100	POPU.TRE	0.167	715	4981
51	100	QUER.RUB	0.167	2020	7223
51	100	THUJ.SPP.ALL	0.091	600	5036
51	100	TSUG.CAN	0.091	398	3941
51	101	ABIE.BAL	0.091	126	511
51	101	ACER.RUB	0.25	617	4545
51	101	ACER.SAH	0.1	462	2448
51	101	BETU.ALL	0.1	275	2874
51	101	BETU.PAP	0.143	362	1867
51	101	FAGU.GRA	0.125	730	9437
51	101	LARI.LAR	0.111	3	18
51	101	PICE.GLA	0.1	303	3227
51	101	PICE.MAR	0.03	88	392
51	101	PICE.RUB	0	0	0
51	101	PINU.BAN	0.143	974	5477
51	101	PINU.RES	0.125	948	8050
51	101	PINU.STR	0.143	582	7364
51	101	POPU.TRE	0.167	717	4664
51	101	QUER.RUB	0.167	1176	6993
51	101	THUJ.SPP.ALL	0.091	597	4881
51	101	TSUG.CAN	0.091	308	3768
51	102	ABIE.BAL	0.111	387	1620
51	102	ACER.RUB	0.25	497	5232
51	102	ACER.SAH	0.125	838	3878
51	102	BETU.ALL	0.1	295	3082
51	102	BETU.PAP	0.143	333	2111
51	102	FAGU.GRA	0.125	833	10296
51	102	LARI.LAR	0.143	87	519
51	102	PICE.GLA	0.1	386	4512
51	102	PICE.MAR	0.059	270	2710
51	102	PICE.RUB	0	0	0
51	102	PINU.BAN	0.143	855	5944
51	102	PINU.RES	0.125	979	8026
51	102	PINU.STR	0.143	634	7042
51	102	POPU.TRE	0.167	616	5459
51	102	QUER.RUB	0.167	2178	9363
51	102	THUJ.SPP.ALL	0.091	640	5236
51	102	TSUG.CAN	0.091	552	4438
51	182	ABIE.BAL	0.111	123	874
51	182	ACER.RUB	0.25	490	5080
51	182	ACER.SAH	0.111	833	3416
51	182	BETU.ALL	0.1	347	3114
51	182	BETU.PAP	0.143	309	1986
51	182	FAGU.GRA	0.125	852	10218
51	182	LARI.LAR	0.143	33	194
51	182	PICE.GLA	0.1	331	4143
51	182	PICE.MAR	0.03	141	1273
51	182	PICE.RUB	0	0	0
51	182	PINU.BAN	0.143	758	5803
51	182	PINU.RES	0.125	963	8141
51	182	PINU.STR	0.143	642	7321
51	182	POPU.TRE	0.167	728	5210
51	182	QUER.RUB	0.167	970	7139
51	182	THUJ.SPP.ALL	0.091	732	5190
51	182	TSUG.CAN	0.091	373	4154
51	183	ABIE.BAL	0.091	82	398
51	183	ACER.RUB	0.25	627	4457
51	183	ACER.SAH	0.111	403	2113
51	183	BETU.ALL	0.1	311	2727
51	183	BETU.PAP	0.143	330	1838
51	183	FAGU.GRA	0.125	821	9540
51	183	LARI.LAR	0.111	1	9
51	183	PICE.GLA	0.1	284	3795
51	183	PICE.MAR	0.029	79	350
51	183	PICE.RUB	0	0	0
51	183	PINU.BAN	0.143	821	5659
51	183	PINU.RES	0.125	1074	8019
51	183	PINU.STR	0.143	641	7059
51	183	POPU.TRE	0.167	664	4733
51	183	QUER.RUB	0.167	1109	6918
51	183	THUJ.SPP.ALL	0.091	646	5147
51	183	TSUG.CAN	0.091	317	3809
51	184	ABIE.BAL	0.1	112	612
51	184	ACER.RUB	0.25	497	4763
51	184	ACER.SAH	0.111	317	2338
51	184	BETU.ALL	0.111	334	3613
51	184	BETU.PAP	0.143	400	1981
51	184	FAGU.GRA	0.143	817	10260
51	184	LARI.LAR	0.111	23	161
51	184	PICE.GLA	0.1	477	4778
51	184	PICE.MAR	0.031	146	983
51	184	PICE.RUB	0	0	0
51	184	PINU.BAN	0.143	945	6807
51	184	PINU.RES	0.143	855	8369
51	184	PINU.STR	0.143	669	7399
51	184	POPU.TRE	0.167	756	5004
51	184	QUER.RUB	0.167	1122	6832
51	184	THUJ.SPP.ALL	0.091	633	5384
51	184	TSUG.CAN	0.091	468	4401
51	185	ABIE.BAL	0.125	242	1428
51	185	ACER.RUB	0.25	515	5208
51	185	ACER.SAH	0.125	675	3387
51	185	BETU.ALL	0.111	334	3708
51	185	BETU.PAP	0.143	365	2296
51	185	FAGU.GRA	0.125	876	10397
51	185	LARI.LAR	0.143	131	604
51	185	PICE.GLA	0.1	605	5257
51	185	PICE.MAR	0.071	208	2594
51	185	PICE.RUB	0	0	0
51	185	PINU.BAN	0.143	948	6832
51	185	PINU.RES	0.143	966	8539
51	185	PINU.STR	0.143	689	7423
51	185	POPU.TRE	0.167	692	5364
51	185	QUER.RUB	0.143	926	7345
51	185	THUJ.SPP.ALL	0.091	671	5615
51	185	TSUG.CAN	0.091	620	4471
51	186	ABIE.BAL	0.111	115	508
51	186	ACER.RUB	0.25	505	4838
51	186	ACER.SAH	0.1	443	2816
51	186	BETU.ALL	0.1	279	2823
51	186	BETU.PAP	0.143	316	1851
51	186	FAGU.GRA	0.125	851	9714
51	186	LARI.LAR	0.111	13	65
51	186	PICE.GLA	0.1	333	3852
51	186	PICE.MAR	0.029	133	694
51	186	PICE.RUB	0	0	0
51	186	PINU.BAN	0.143	723	5561
51	186	PINU.RES	0.125	1064	7987
51	186	PINU.STR	0.143	625	7445
51	186	POPU.TRE	0.167	692	5062
51	186	QUER.RUB	0.125	2264	9440
51	186	THUJ.SPP.ALL	0.091	687	5239
51	186	TSUG.CAN	0.091	328	3943
51	187	ABIE.BAL	0.091	11	78
51	187	ACER.RUB	0.25	558	4695
51	187	ACER.SAH	0.1	315	1495
51	187	BETU.ALL	0.1	272	2687
51	187	BETU.PAP	0.143	347	1788
51	187	FAGU.GRA	0.125	812	10099
51	187	LARI.LAR	0.111	1	8
51	187	PICE.GLA	0.1	321	3703
51	187	PICE.MAR	0.026	12	88
51	187	PICE.RUB	0	0	0
51	187	PINU.BAN	0.143	779	5919
51	187	PINU.RES	0.125	970	7959
51	187	PINU.STR	0.143	607	7327
51	187	POPU.TRE	0.167	863	4472
51	187	QUER.RUB	0.125	678	4734
51	187	THUJ.SPP.ALL	0.091	667	5040
51	187	TSUG.CAN	0.091	341	3861
51	188	ABIE.BAL	0.111	218	1136
51	188	ACER.RUB	0.25	551	5004
51	188	ACER.SAH	0.1	1193	3087
51	188	BETU.ALL	0.1	319	3124
51	188	BETU.PAP	0.143	311	1975
51	188	FAGU.GRA	0.125	866	9976
51	188	LARI.LAR	0.143	43	251
51	188	PICE.GLA	0.1	335	4383
51	188	PICE.MAR	0.03	145	1465
51	188	PICE.RUB	0	0	0
51	188	PINU.BAN	0.143	508	5676
51	188	PINU.RES	0.125	971	8238
51	188	PINU.STR	0.143	667	7398
51	188	POPU.TRE	0.167	755	5271
51	188	QUER.RUB	0.125	1075	7998
51	188	THUJ.SPP.ALL	0.091	774	5331
51	188	TSUG.CAN	0.091	371	4117
51	189	ABIE.BAL	0.111	242	1523
51	189	ACER.RUB	0.25	551	5259
51	189	ACER.SAH	0.111	1084	4214
51	189	BETU.ALL	0.111	337	3639
51	189	BETU.PAP	0.143	360	2286
51	189	FAGU.GRA	0.125	916	10075
51	189	LARI.LAR	0.143	77	501
51	189	PICE.GLA	0.1	642	5385
51	189	PICE.MAR	0.062	237	2416
51	189	PICE.RUB	0.006	1	3
51	189	PINU.BAN	0.143	993	6662
51	189	PINU.RES	0.143	993	8421
51	189	PINU.STR	0.143	724	7139
51	189	POPU.TRE	0.167	687	5431
51	189	QUER.RUB	0.167	826	8112
51	189	THUJ.SPP.ALL	0.091	640	5428
51	189	TSUG.CAN	0.091	664	4802
51	190	ABIE.BAL	0.026	26	119
51	190	ACER.RUB	0.25	556	4637
51	190	ACER.SAH	0.111	541	2389
51	190	BETU.ALL	0.111	395	3380
51	190	BETU.PAP	0.143	339	1962
51	190	FAGU.GRA	0.125	840	9998
51	190	LARI.LAR	0.111	4	28
51	190	PICE.GLA	0.1	463	4340
51	190	PICE.MAR	0.031	17	140
51	190	PICE.RUB	0	0	0
51	190	PINU.BAN	0.143	1017	6433
51	190	PINU.RES	0.143	1045	8223
51	190	PINU.STR	0.143	641	7481
51	190	POPU.TRE	0.167	876	4817
51	190	QUER.RUB	0.143	438	3896
51	190	THUJ.SPP.ALL	0.091	652	5432
51	190	TSUG.CAN	0.091	376	4192
51	191	ABIE.BAL	0.091	115	656
51	191	ACER.RUB	0.25	550	4799
51	191	ACER.SAH	0.125	649	2914
51	191	BETU.ALL	0.1	266	2849
51	191	BETU.PAP	0.143	320	1964
51	191	FAGU.GRA	0.125	841	10190
51	191	LARI.LAR	0.143	9	46
51	191	PICE.GLA	0.1	329	4343
51	191	PICE.MAR	0.03	157	1038
51	191	PICE.RUB	0	0	0
51	191	PINU.BAN	0.143	814	6012
51	191	PINU.RES	0.125	1026	8317
51	191	PINU.STR	0.143	643	7338
51	191	POPU.TRE	0.167	710	5293
51	191	QUER.RUB	0.125	1686	7319
51	191	THUJ.SPP.ALL	0.091	701	5248
51	191	TSUG.CAN	0.091	365	3958
51	192	ABIE.BAL	0.111	253	1220
51	192	ACER.RUB	0.25	670	5118
51	192	ACER.SAH	0.125	683	3594
51	192	BETU.ALL	0.1	290	3105
51	192	BETU.PAP	0.143	322	2064
51	192	FAGU.GRA	0.125	885	10175
51	192	LARI.LAR	0.111	46	346
51	192	PICE.GLA	0.1	331	4294
51	192	PICE.MAR	0.03	189	1791
51	192	PICE.RUB	0	0	0
51	192	PINU.BAN	0.143	957	5639
51	192	PINU.RES	0.125	1006	8087
51	192	PINU.STR	0.143	665	7061
51	192	POPU.TRE	0.167	667	5341
51	192	QUER.RUB	0.167	1850	8566
51	192	THUJ.SPP.ALL	0.091	712	5245
51	192	TSUG.CAN	0.091	414	4275
51	193	ABIE.BAL	0.125	299	1611
51	193	ACER.RUB	0.25	635	4919
51	193	ACER.SAH	0.125	1234	4028
51	193	BETU.ALL	0.111	314	3256
51	193	BETU.PAP	0.143	329	2125
51	193	FAGU.GRA	0.143	759	9839
51	193	LARI.LAR	0.143	78	529
51	193	PICE.GLA	0.1	346	4446
51	193	PICE.MAR	0.059	268	3010
51	193	PICE.RUB	0	0	0
51	193	PINU.BAN	0.143	964	6096
51	193	PINU.RES	0.125	941	8134
51	193	PINU.STR	0.143	589	7305
51	193	POPU.TRE	0.167	679	5304
51	193	QUER.RUB	0.167	2916	8882
51	193	THUJ.SPP.ALL	0.091	600	5163
51	193	TSUG.CAN	0.091	517	4497
51	194	ABIE.BAL	0.125	292	1127
51	194	ACER.RUB	0.25	506	4881
51	194	ACER.SAH	0.111	479	2977
51	194	BETU.ALL	0.111	293	3260
51	194	BETU.PAP	0.143	340	2095
51	194	FAGU.GRA	0.143	734	10042
51	194	LARI.LAR	0.111	35	187
51	194	PICE.GLA	0.1	391	4282
51	194	PICE.MAR	0.029	172	1450
51	194	PICE.RUB	0	0	0
51	194	PINU.BAN	0.143	940	6370
51	194	PINU.RES	0.125	902	8332
51	194	PINU.STR	0.143	587	7134
51	194	POPU.TRE	0.167	802	5060
51	194	QUER.RUB	0.167	1640	7487
51	194	THUJ.SPP.ALL	0.091	564	5105
51	194	TSUG.CAN	0.091	548	4324
51	195	ABIE.BAL	0.125	210	861
51	195	ACER.RUB	0.25	550	4683
51	195	ACER.SAH	0.111	875	3599
51	195	BETU.ALL	0.111	310	3118
51	195	BETU.PAP	0.143	347	2049
51	195	FAGU.GRA	0.143	699	9668
51	195	LARI.LAR	0.143	20	120
51	195	PICE.GLA	0.1	398	4255
51	195	PICE.MAR	0.031	167	1526
51	195	PICE.RUB	0	0	0
51	195	PINU.BAN	0.143	922	6414
51	195	PINU.RES	0.143	935	8193
51	195	PINU.STR	0.143	568	7289
51	195	POPU.TRE	0.167	736	4854
51	195	QUER.RUB	0.167	1524	10538
51	195	THUJ.SPP.ALL	0.091	560	4932
51	195	TSUG.CAN	0.091	459	4226
51	196	ABIE.BAL	0.125	314	1598
51	196	ACER.RUB	0.25	690	4900
51	196	ACER.SAH	0.111	1109	3903
51	196	BETU.ALL	0.111	340	3485
51	196	BETU.PAP	0.143	367	2185
51	196	FAGU.GRA	0.143	759	10166
51	196	LARI.LAR	0.143	66	487
51	196	PICE.GLA	0.1	433	4775
51	196	PICE.MAR	0.062	243	2816
51	196	PICE.RUB	0.022	585	3134
51	196	PINU.BAN	0.143	957	6451
51	196	PINU.RES	0.125	889	8242
51	196	PINU.STR	0.143	622	7154
51	196	POPU.TRE	0.167	667	5325
51	196	QUER.RUB	0.167	1152	9368
51	196	THUJ.SPP.ALL	0.091	584	5011
51	196	TSUG.CAN	0.091	508	4556
51	197	ABIE.BAL	0.125	504	1843
51	197	ACER.RUB	0.25	537	5235
51	197	ACER.SAH	0.111	837	4131
51	197	BETU.ALL	0.111	342	3685
51	197	BETU.PAP	0.143	340	2275
51	197	FAGU.GRA	0.143	793	10536
51	197	LARI.LAR	0.143	113	649
51	197	PICE.GLA	0.1	506	5067
51	197	PICE.MAR	0.062	267	3399
51	197	PICE.RUB	0.04	795	7815
51	197	PINU.BAN	0.143	1012	6562
51	197	PINU.RES	0.143	842	8451
51	197	PINU.STR	0.143	637	7392
51	197	POPU.TRE	0.167	695	5380
51	197	QUER.RUB	0.167	2420	9567
51	197	THUJ.SPP.ALL	0.091	616	5222
51	197	TSUG.CAN	0.091	522	4675
51	198	ABIE.BAL	0.091	186	958
51	198	ACER.RUB	0.25	436	4845
51	198	ACER.SAH	0.1	997	2796
51	198	BETU.ALL	0.111	335	3424
51	198	BETU.PAP	0.143	303	2079
51	198	FAGU.GRA	0.143	728	9943
51	198	LARI.LAR	0.111	45	165
51	198	PICE.GLA	0.1	375	4529
51	198	PICE.MAR	0.027	222	1803
51	198	PICE.RUB	0.009	8	23
51	198	PINU.BAN	0.143	974	6385
51	198	PINU.RES	0.143	992	8037
51	198	PINU.STR	0.143	575	7128
51	198	POPU.TRE	0.167	808	5045
51	198	QUER.RUB	0.143	1328	7393
51	198	THUJ.SPP.ALL	0.091	601	5101
51	198	TSUG.CAN	0.091	426	4549
51	275	ABIE.BAL	0.125	225	1300
51	275	ACER.RUB	0.25	499	5017
51	275	ACER.SAH	0.125	1122	3513
51	275	BETU.ALL	0.111	400	4008
51	275	BETU.PAP	0.167	334	2360
51	275	FAGU.GRA	0.143	849	10298
51	275	LARI.LAR	0.167	88	539
51	275	PICE.GLA	0.1	755	5805
51	275	PICE.MAR	0.071	239	2779
51	275	PICE.RUB	0.062	880	8092
51	275	PINU.BAN	0.143	935	7202
51	275	PINU.RES	0.143	871	8751
51	275	PINU.STR	0.143	717	7536
51	275	POPU.TRE	0.167	689	5529
51	275	QUER.RUB	0.167	1134	7339
51	275	THUJ.SPP.ALL	0.091	626	5663
51	275	TSUG.CAN	0.091	551	4773
51	276	ABIE.BAL	0.111	43	259
51	276	ACER.RUB	0.25	481	4550
51	276	ACER.SAH	0.111	219	756
51	276	BETU.ALL	0.111	319	3482
51	276	BETU.PAP	0.167	461	1983
51	276	FAGU.GRA	0.143	800	9802
51	276	LARI.LAR	0.111	1	12
51	276	PICE.GLA	0.1	517	4910
51	276	PICE.MAR	0.027	35	169
51	276	PICE.RUB	0	0	0
51	276	PINU.BAN	0.143	902	6861
51	276	PINU.RES	0.143	840	8282
51	276	PINU.STR	0.143	656	7227
51	276	POPU.TRE	0.167	692	4848
51	276	QUER.RUB	0.143	530	3553
51	276	THUJ.SPP.ALL	0.091	659	5522
51	276	TSUG.CAN	0.091	359	4284
51	277	ABIE.BAL	0.125	285	1335
51	277	ACER.RUB	0.25	593	4957
51	277	ACER.SAH	0.125	1127	3091
51	277	BETU.ALL	0.125	380	4199
51	277	BETU.PAP	0.167	348	2385
51	277	FAGU.GRA	0.143	835	10352
51	277	LARI.LAR	0.167	43	314
51	277	PICE.GLA	0.111	767	6027
51	277	PICE.MAR	0.077	224	2490
51	277	PICE.RUB	0.071	1008	9331
51	277	PINU.BAN	0.167	812	7365
51	277	PINU.RES	0.143	869	8950
51	277	PINU.STR	0.143	728	7643
51	277	POPU.TRE	0.167	764	5354
51	277	QUER.RUB	0.143	1454	8080
51	277	THUJ.SPP.ALL	0.091	608	5467
51	277	TSUG.CAN	0.091	537	5114
51	278	ABIE.BAL	0.053	2	32
51	278	ACER.RUB	0.25	517	4346
51	278	ACER.SAH	0.083	84	196
51	278	BETU.ALL	0.125	319	3403
51	278	BETU.PAP	0.167	358	1892
51	278	FAGU.GRA	0.143	758	9848
51	278	LARI.LAR	0.111	1	4
51	278	PICE.GLA	0.111	594	4948
51	278	PICE.MAR	0.033	19	154
51	278	PICE.RUB	0.024	1	18
51	278	PINU.BAN	0.167	817	7157
51	278	PINU.RES	0.143	826	8731
51	278	PINU.STR	0.143	631	7061
51	278	POPU.TRE	0.167	820	4525
51	278	QUER.RUB	0.125	489	1830
51	278	THUJ.SPP.ALL	0.091	664	5195
51	278	TSUG.CAN	0.091	403	4181
51	283	ABIE.BAL	0.125	608	1962
51	283	ACER.RUB	0.25	656	5289
51	283	ACER.SAH	0.125	1055	4688
51	283	BETU.ALL	0.111	426	3988
51	283	BETU.PAP	0.167	324	2448
51	283	FAGU.GRA	0.143	917	10198
51	283	LARI.LAR	0.167	95	646
51	283	PICE.GLA	0.1	674	6334
51	283	PICE.MAR	0.071	371	3759
51	283	PICE.RUB	0.071	1104	9305
51	283	PINU.BAN	0.143	880	7021
51	283	PINU.RES	0.143	873	8512
51	283	PINU.STR	0.143	745	7234
51	283	POPU.TRE	0.167	679	5864
51	283	QUER.RUB	0.167	1899	9329
51	283	THUJ.SPP.ALL	0.091	638	5397
51	283	TSUG.CAN	0.091	618	5138
51	284	ABIE.BAL	0.111	203	961
51	284	ACER.RUB	0.25	569	4928
51	284	ACER.SAH	0.125	939	3173
51	284	BETU.ALL	0.111	344	3594
51	284	BETU.PAP	0.167	356	2178
51	284	FAGU.GRA	0.143	828	10084
51	284	LARI.LAR	0.143	33	128
51	284	PICE.GLA	0.1	674	5649
51	284	PICE.MAR	0.04	224	1714
51	284	PICE.RUB	0.014	494	1518
51	284	PINU.BAN	0.143	1032	6754
51	284	PINU.RES	0.143	824	8405
51	284	PINU.STR	0.143	694	7271
51	284	POPU.TRE	0.167	785	5308
51	284	QUER.RUB	0.125	1727	8955
51	284	THUJ.SPP.ALL	0.091	682	5195
51	284	TSUG.CAN	0.091	575	4959
51	288	ABIE.BAL	0.111	370	1713
51	288	ACER.RUB	0.25	699	5257
51	288	ACER.SAH	0.111	880	4022
51	288	BETU.ALL	0.111	432	3667
51	288	BETU.PAP	0.143	369	2295
51	288	FAGU.GRA	0.143	851	10383
51	288	LARI.LAR	0.143	113	560
51	288	PICE.GLA	0.1	588	5382
51	288	PICE.MAR	0.077	276	3008
51	288	PICE.RUB	0.022	871	7245
51	288	PINU.BAN	0.143	1044	6488
51	288	PINU.RES	0.143	829	8480
51	288	PINU.STR	0.143	668	7165
51	288	POPU.TRE	0.167	696	5635
51	288	QUER.RUB	0.167	1905	8984
51	288	THUJ.SPP.ALL	0.091	607	5177
51	288	TSUG.CAN	0.091	505	4650
51	289	ABIE.BAL	0.111	206	1060
51	289	ACER.RUB	0.25	566	4842
51	289	ACER.SAH	0.1	874	3114
51	289	BETU.ALL	0.111	310	3565
51	289	BETU.PAP	0.143	360	2156
51	289	FAGU.GRA	0.143	733	9727
51	289	LARI.LAR	0.111	15	89
51	289	PICE.GLA	0.1	430	4752
51	289	PICE.MAR	0.031	243	1557
51	289	PICE.RUB	0.007	2	7
51	289	PINU.BAN	0.143	997	6433
51	289	PINU.RES	0.143	826	8255
51	289	PINU.STR	0.143	609	6926
51	289	POPU.TRE	0.167	725	4942
51	289	QUER.RUB	0.143	1145	8381
51	289	THUJ.SPP.ALL	0.091	548	5020
51	289	TSUG.CAN	0.091	439	4517
