LandisData "Dynamic Input Data"

>>	year	landtype	species	probEst	maxANPP	maxB
0	53	ABIE.BAL	0.692	368	3130
0	53	ACER.RUB	0.042	26	12
0	53	ACER.SAH	0.347	676	5706
0	53	BETU.ALL	0.581	880	7515
0	53	BETU.PAP	0.786	772	5074
0	53	FAGU.GRA	0	0	0
0	53	LARI.LAR	0.786	472	3241
0	53	PICE.GLA	0.651	1147	14888
0	53	PICE.MAR	0.581	1325	13546
0	53	PICE.RUB	0.296	2420	13935
0	53	PINU.BAN	0.786	1304	12729
0	53	PINU.RES	0	0	0
0	53	PINU.STR	0	0	0
0	53	POPU.TRE	0.786	1426	10474
0	53	QUER.RUB	0	0	0
0	53	THUJ.SPP.ALL	0.455	781	7927
0	53	TSUG.CAN	0	0	0
0	54	ABIE.BAL	0.692	459	3045
0	54	ACER.RUB	0.042	45	21
0	54	ACER.SAH	0.347	673	5779
0	54	BETU.ALL	0.581	868	7837
0	54	BETU.PAP	0.786	776	4972
0	54	FAGU.GRA	0	0	0
0	54	LARI.LAR	0.786	526	3099
0	54	PICE.GLA	0.651	1198	14971
0	54	PICE.MAR	0.581	1443	12824
0	54	PICE.RUB	0.324	1834	14160
0	54	PINU.BAN	0.786	1327	12858
0	54	PINU.RES	0	0	0
0	54	PINU.STR	0	0	0
0	54	POPU.TRE	0.786	1441	10564
0	54	QUER.RUB	0	0	0
0	54	THUJ.SPP.ALL	0.455	782	7896
0	54	TSUG.CAN	0	0	0
0	59	ABIE.BAL	0.692	384	3233
0	59	ACER.RUB	0.042	102	41
0	59	ACER.SAH	0.372	792	6480
0	59	BETU.ALL	0.614	940	7839
0	59	BETU.PAP	0.786	770	5079
0	59	FAGU.GRA	0	0	0
0	59	LARI.LAR	0.786	500	3253
0	59	PICE.GLA	0.651	1221	15004
0	59	PICE.MAR	0.581	1442	13738
0	59	PICE.RUB	0.347	2380	14167
0	59	PINU.BAN	0.786	1326	12577
0	59	PINU.RES	0	0	0
0	59	PINU.STR	0	0	0
0	59	POPU.TRE	0.786	1502	10446
0	59	QUER.RUB	0	0	0
0	59	THUJ.SPP.ALL	0.498	792	7768
0	59	TSUG.CAN	0	0	0
0	60	ABIE.BAL	0.692	502	3245
0	60	ACER.RUB	0.455	845	5352
0	60	ACER.SAH	0.418	952	7410
0	60	BETU.ALL	0.614	988	8232
0	60	BETU.PAP	0.786	842	5143
0	60	FAGU.GRA	0	0	0
0	60	LARI.LAR	0.786	484	3596
0	60	PICE.GLA	0.651	1302	15412
0	60	PICE.MAR	0.581	1359	13666
0	60	PICE.RUB	0.372	2169	15540
0	60	PINU.BAN	0.786	1479	13012
0	60	PINU.RES	0	0	0
0	60	PINU.STR	0	0	0
0	60	POPU.TRE	0.786	1533	10491
0	60	QUER.RUB	0	0	0
0	60	THUJ.SPP.ALL	0.523	819	8071
0	60	TSUG.CAN	0	0	0
0	63	ABIE.BAL	0.651	361	3102
0	63	ACER.RUB	0	0	0
0	63	ACER.SAH	0.041	22	6
0	63	BETU.ALL	0.551	809	7351
0	63	BETU.PAP	0.786	761	5005
0	63	FAGU.GRA	0	0	0
0	63	LARI.LAR	0.786	441	3255
0	63	PICE.GLA	0.614	1147	14680
0	63	PICE.MAR	0.581	1222	13249
0	63	PICE.RUB	0.155	1036	11262
0	63	PINU.BAN	0.786	1226	12312
0	63	PINU.RES	0	0	0
0	63	PINU.STR	0	0	0
0	63	POPU.TRE	0.786	1407	10271
0	63	QUER.RUB	0	0	0
0	63	THUJ.SPP.ALL	0.455	876	7722
0	63	TSUG.CAN	0	0	0
0	71	ABIE.BAL	0.692	381	3107
0	71	ACER.RUB	0.042	88	33
0	71	ACER.SAH	0.372	736	6241
0	71	BETU.ALL	0.614	919	8017
0	71	BETU.PAP	0.786	804	5156
0	71	FAGU.GRA	0	0	0
0	71	LARI.LAR	0.786	566	3543
0	71	PICE.GLA	0.651	1249	15104
0	71	PICE.MAR	0.581	1231	13146
0	71	PICE.RUB	0.347	2103	14435
0	71	PINU.BAN	0.786	1416	12828
0	71	PINU.RES	0	0	0
0	71	PINU.STR	0	0	0
0	71	POPU.TRE	0.786	1473	10375
0	71	QUER.RUB	0	0	0
0	71	THUJ.SPP.ALL	0.498	762	8292
0	71	TSUG.CAN	0	0	0
0	99	ABIE.BAL	0.692	406	3203
0	99	ACER.RUB	0.372	892	4790
0	99	ACER.SAH	0.418	764	6879
0	99	BETU.ALL	0.614	974	7781
0	99	BETU.PAP	0.786	845	5167
0	99	FAGU.GRA	0	0	0
0	99	LARI.LAR	0.786	466	3849
0	99	PICE.GLA	0.651	1272	15148
0	99	PICE.MAR	0.581	1357	13548
0	99	PICE.RUB	0.359	2080	14555
0	99	PINU.BAN	0.786	1383	12859
0	99	PINU.RES	0	0	0
0	99	PINU.STR	0	0	0
0	99	POPU.TRE	0.786	1516	10502
0	99	QUER.RUB	0	0	0
0	99	THUJ.SPP.ALL	0.498	781	8449
0	99	TSUG.CAN	0	0	0
0	118	ABIE.BAL	0.692	586	3157
0	118	ACER.RUB	0.581	590	6317
0	118	ACER.SAH	0.498	1014	7905
0	118	BETU.ALL	0.651	1017	8386
0	118	BETU.PAP	0.786	820	5175
0	118	FAGU.GRA	0	0	0
0	118	LARI.LAR	0.786	425	3772
0	118	PICE.GLA	0.651	1352	15478
0	118	PICE.MAR	0.581	1328	13324
0	118	PICE.RUB	0.418	2153	16803
0	118	PINU.BAN	0.786	1542	13005
0	118	PINU.RES	0	0	0
0	118	PINU.STR	0	0	0
0	118	POPU.TRE	0.786	1543	10523
0	118	QUER.RUB	0	0	0
0	118	THUJ.SPP.ALL	0.523	777	8728
0	118	TSUG.CAN	0	0	0
0	119	ABIE.BAL	0.692	387	3280
0	119	ACER.RUB	0.614	768	6640
0	119	ACER.SAH	0.551	979	9757
0	119	BETU.ALL	0.651	1127	8516
0	119	BETU.PAP	0.786	929	5221
0	119	FAGU.GRA	0	0	0
0	119	LARI.LAR	0.786	531	3725
0	119	PICE.GLA	0.651	1392	16347
0	119	PICE.MAR	0.614	1437	13722
0	119	PICE.RUB	0.455	2184	16616
0	119	PINU.BAN	0.786	1618	13115
0	119	PINU.RES	0	0	0
0	119	PINU.STR	0	0	0
0	119	POPU.TRE	0.786	1610	10891
0	119	QUER.RUB	0	0	0
0	119	THUJ.SPP.ALL	0.523	793	8802
0	119	TSUG.CAN	0.041	4	1
0	120	ABIE.BAL	0.692	405	3355
0	120	ACER.RUB	0.614	619	6893
0	120	ACER.SAH	0.551	1042	10083
0	120	BETU.ALL	0.651	1133	8604
0	120	BETU.PAP	0.786	914	5349
0	120	FAGU.GRA	0	0	0
0	120	LARI.LAR	0.786	508	3737
0	120	PICE.GLA	0.651	1432	16524
0	120	PICE.MAR	0.614	1403	13943
0	120	PICE.RUB	0.455	2460	17646
0	120	PINU.BAN	0.786	1661	13276
0	120	PINU.RES	0	0	0
0	120	PINU.STR	0	0	0
0	120	POPU.TRE	0.786	1629	10944
0	120	QUER.RUB	0	0	0
0	120	THUJ.SPP.ALL	0.523	796	8841
0	120	TSUG.CAN	0.041	12	2
0	121	ABIE.BAL	0.692	405	3319
0	121	ACER.RUB	0.614	708	6696
0	121	ACER.SAH	0.551	822	9600
0	121	BETU.ALL	0.651	1106	8754
0	121	BETU.PAP	0.786	891	5236
0	121	FAGU.GRA	0	0	0
0	121	LARI.LAR	0.786	409	3721
0	121	PICE.GLA	0.651	1448	16407
0	121	PICE.MAR	0.581	1240	14261
0	121	PICE.RUB	0.455	2401	16339
0	121	PINU.BAN	0.786	1654	13317
0	121	PINU.RES	0	0	0
0	121	PINU.STR	0	0	0
0	121	POPU.TRE	0.786	1589	10910
0	121	QUER.RUB	0	0	0
0	121	THUJ.SPP.ALL	0.523	792	8675
0	121	TSUG.CAN	0.041	3	10
0	122	ABIE.BAL	0.692	395	3338
0	122	ACER.RUB	0.651	883	7102
0	122	ACER.SAH	0.581	1062	10618
0	122	BETU.ALL	0.692	1192	8651
0	122	BETU.PAP	0.786	938	5318
0	122	FAGU.GRA	0	0	0
0	122	LARI.LAR	0.786	506	3934
0	122	PICE.GLA	0.651	1469	16181
0	122	PICE.MAR	0.614	1475	14017
0	122	PICE.RUB	0.476	2876	17247
0	122	PINU.BAN	0.786	1696	13234
0	122	PINU.RES	0	0	0
0	122	PINU.STR	0.347	439	4463
0	122	POPU.TRE	0.786	1660	10821
0	122	QUER.RUB	0.041	20	5
0	122	THUJ.SPP.ALL	0.523	940	9064
0	122	TSUG.CAN	0.108	374	5271
0	125	ABIE.BAL	0.692	397	3388
0	125	ACER.RUB	0.651	734	7361
0	125	ACER.SAH	0.581	879	10155
0	125	BETU.ALL	0.692	1146	8644
0	125	BETU.PAP	0.786	945	5351
0	125	FAGU.GRA	0	0	0
0	125	LARI.LAR	0.786	520	3939
0	125	PICE.GLA	0.651	1466	16408
0	125	PICE.MAR	0.614	1293	14357
0	125	PICE.RUB	0.455	2582	17384
0	125	PINU.BAN	0.786	1694	13356
0	125	PINU.RES	0	0	0
0	125	PINU.STR	0	0	0
0	125	POPU.TRE	0.786	1662	10899
0	125	QUER.RUB	0.041	2	1
0	125	THUJ.SPP.ALL	0.523	920	9262
0	125	TSUG.CAN	0.09	321	4308
0	127	ABIE.BAL	0.692	447	3212
0	127	ACER.RUB	0.372	865	5399
0	127	ACER.SAH	0.435	922	7037
0	127	BETU.ALL	0.614	1077	8026
0	127	BETU.PAP	0.786	852	5206
0	127	FAGU.GRA	0	0	0
0	127	LARI.LAR	0.786	521	4232
0	127	PICE.GLA	0.651	1306	14887
0	127	PICE.MAR	0.581	1517	13663
0	127	PICE.RUB	0.372	2218	15574
0	127	PINU.BAN	0.786	1471	13064
0	127	PINU.RES	0	0	0
0	127	PINU.STR	0	0	0
0	127	POPU.TRE	0.786	1539	10546
0	127	QUER.RUB	0	0	0
0	127	THUJ.SPP.ALL	0.498	965	9438
0	127	TSUG.CAN	0	0	0
0	129	ABIE.BAL	0.692	369	3322
0	129	ACER.RUB	0.581	508	6752
0	129	ACER.SAH	0.551	843	9333
0	129	BETU.ALL	0.651	1082	8310
0	129	BETU.PAP	0.786	901	5269
0	129	FAGU.GRA	0	0	0
0	129	LARI.LAR	0.786	494	3594
0	129	PICE.GLA	0.651	1368	16012
0	129	PICE.MAR	0.581	1402	13829
0	129	PICE.RUB	0.455	2533	16825
0	129	PINU.BAN	0.786	1608	13146
0	129	PINU.RES	0	0	0
0	129	PINU.STR	0	0	0
0	129	POPU.TRE	0.786	1537	10910
0	129	QUER.RUB	0	0	0
0	129	THUJ.SPP.ALL	0.523	774	8331
0	129	TSUG.CAN	0	0	0
0	133	ABIE.BAL	0.692	414	3226
0	133	ACER.RUB	0.614	779	6377
0	133	ACER.SAH	0.551	920	9641
0	133	BETU.ALL	0.651	1089	7872
0	133	BETU.PAP	0.786	918	5260
0	133	FAGU.GRA	0	0	0
0	133	LARI.LAR	0.786	466	3785
0	133	PICE.GLA	0.651	1359	15663
0	133	PICE.MAR	0.581	1310	13977
0	133	PICE.RUB	0.455	2449	16382
0	133	PINU.BAN	0.786	1624	13043
0	133	PINU.RES	0	0	0
0	133	PINU.STR	0	0	0
0	133	POPU.TRE	0.786	1603	10723
0	133	QUER.RUB	0	0	0
0	133	THUJ.SPP.ALL	0.523	825	9079
0	133	TSUG.CAN	0.04	1	10
0	134	ABIE.BAL	0.692	384	3248
0	134	ACER.RUB	0.176	727	5508
0	134	ACER.SAH	0.418	933	6852
0	134	BETU.ALL	0.614	1025	7742
0	134	BETU.PAP	0.786	852	5157
0	134	FAGU.GRA	0	0	0
0	134	LARI.LAR	0.786	491	3656
0	134	PICE.GLA	0.651	1290	15199
0	134	PICE.MAR	0.581	1355	13756
0	134	PICE.RUB	0.359	2149	15018
0	134	PINU.BAN	0.786	1481	12722
0	134	PINU.RES	0	0	0
0	134	PINU.STR	0	0	0
0	134	POPU.TRE	0.786	1505	10569
0	134	QUER.RUB	0	0	0
0	134	THUJ.SPP.ALL	0.498	742	8291
0	134	TSUG.CAN	0	0	0
