LandisData "ForC Succession"

ClimateTable
>>Time	Eco	AvgT
>>Step		(C)
0	305	2.54766245569906
0	307	2.44985234993882
0	308	2.3486868447749
0	309	2.58295694021163
0	310	2.54615540804203
0	311	2.27940407630207
0	314	2.05000009139379
0	315	1.88790698278518
0	316	2.22665422149383
0	317	2.46131095493382
0	319	2.54700137928335
0	320	2.02576605677605
0	323	2.4777991206139
0	328	1.94237941279206
0	339	1.86950570447188
0	346	2.20021595916714
0	359	1.91443443333617
0	360	2.64116529146441
0	365	3.02371046750034
0	367	3.30554492963435
0	368	3.3339112613978
0	369	2.9525107713491
0	370	3.60296649346668
0	371	3.68295088627259
0	372	3.43696790550409
0	373	3.46433735558051
0	375	3.37378284139583
0	376	3.5805877033157
0	380	3.16215508718004
0	385	2.44548013107744
0	386	2.88710644753988
0	387	1.63562389919835
0	388	2.60456586529166
0	389	3.82005690051751
0	390	2.92600701975465
0	391	3.80741667275052
0	393	4.27860107928769
0	394	2.62743045425776
0	397	3.59931955354106
0	400	3.79626533380337
0	414	3.48617267057377
0	415	2.46534886408347
0	416	2.25109168986479
0	421	4.1460424601691
0	425	3.47130347294516
0	428	3.65781975535316
0	432	3.16972041838482
0	433	3.08974654014536
0	434	3.07972729644393
0	435	3.01345669163001
0	436	3.42498595296753
0	437	3.34498238394425
0	438	3.57289812643922
0	439	3.08829668775325
0	440	3.43032355139929
0	441	3.15410314528214
0	443	3.40331879027826
0	444	2.99776121778274
0	445	3.5193458132193
0	446	3.15186720732034
0	448	3.52964465300673
0	449	3.45636204995725
0	450	2.61186973253886
0	451	3.61277908269777
0	453	2.92117281494294
0	462	3.72039964954738
0	464	3.63741255740953
0	465	3.60205029100173
0	468	4.03741970532581
0	469	3.64911586951589
0	470	2.98223859198025
0	471	4.20883943147976
0	472	4.29963986709905
0	473	4.05910260414578
0	474	4.04626637672138
0	475	4.06759990599972
0	476	4.25973930365096
0	477	4.22196839576332
0	478	4.13868400459687
0	479	4.28972081195724
0	480	4.31329373426784
0	481	4.35298147745374
0	482	3.21873415112495
0	483	3.66755821220577
0	484	4.291280793943
0	485	4.21311321044188
0	487	3.88532541954407
0	488	4.31555360928178
0	491	3.7479253702543
0	493	4.00143040228307
0	496	4.90195363271354
0	497	5.01695172156184
0	498	4.71120227306993
0	499	4.81115389604273
0	500	4.90415213332131
0	501	4.94056209574371
0	502	4.5242723638527
0	503	4.60287892765055
0	504	4.25625910013914
0	505	4.81805107458716
0	506	5.19782164318305
0	507	4.58059615062343
0	508	4.47008613685424
0	509	5.44971924813559
0	513	5.27323247696839
0	522	4.80180543668643
0	528	4.55547170341015
1	305	4.3017252755759
1	307	4.28958496662468
1	308	4.17280576448701
1	309	4.42084488708373
1	310	4.36295721100436
1	311	4.12173713650165
1	314	3.64445304870606
1	315	3.73757197175707
1	316	4.11331321954057
1	317	4.28947479074652
1	319	4.39558977137009
1	320	3.70053482055664
1	323	4.31725123010833
1	328	3.74754848980135
1	339	3.75860569703633
1	346	4.1272909330472
1	359	3.77560881999406
1	360	4.32869120672637
1	365	5.12990643573936
1	367	5.36771840556122
1	368	5.40904252302124
1	369	5.12473736104024
1	370	5.61679734907733
1	371	5.69118101006254
1	372	5.49329169094563
1	373	5.4794204973946
1	375	5.23537455581305
1	376	5.60586560043422
1	380	5.08382302868751
1	385	4.32574757774223
1	386	4.76502945478722
1	387	4.07126689982671
1	388	4.38985133171082
1	389	5.59972844557329
1	390	4.84483062812288
1	391	5.59118872150298
1	393	6.03983012223855
1	394	4.49302660335194
1	397	5.43382396395244
1	400	5.75300826386708
1	414	5.61592441728216
1	415	4.44194709589553
1	416	4.041255402565
1	421	6.05719867450039
1	425	5.15657742078914
1	428	5.78827849675739
1	432	4.99277125259757
1	433	4.82107372632121
1	434	4.94654379184743
1	435	4.74648484406761
1	436	5.20582259270493
1	437	5.11622399748136
1	438	5.50685340136454
1	439	4.87711387819191
1	440	5.20628615035881
1	441	4.90066803826226
1	443	5.10492339664035
1	444	4.73136799471905
1	445	5.26661313218612
1	446	5.14446508788076
1	448	5.34647705419552
1	449	5.35230823777021
1	450	4.17025756835937
1	451	5.22902061447265
1	453	4.65217596460659
1	462	5.64835164737597
1	464	5.71637396314251
1	465	5.67983009810898
1	468	5.93189171580818
1	469	5.60773769509855
1	470	4.74317765235901
1	471	6.12441065163246
1	472	6.20701018272362
1	473	6.0588970923088
1	474	5.9483083933449
1	475	6.00559382968479
1	476	5.90952191352844
1	477	6.17630957754066
1	478	6.01966027838039
1	479	6.21783614777534
1	480	6.29421775221145
1	481	6.16525474461642
1	482	5.06385793685913
1	483	5.57269411087036
1	484	6.33172289765911
1	485	6.17731071383224
1	487	5.82652388678657
1	488	6.04884068171183
1	491	5.91686469858343
1	493	5.92582437197367
1	496	6.90623975943815
1	497	7.00991509216419
1	498	6.74215064459289
1	499	6.86632574328752
1	500	6.927756800664
1	501	6.93497954924172
1	502	6.64573609301474
1	503	6.69998683929443
1	504	6.22020750045776
1	505	6.86436177772905
1	506	7.16219283496632
1	507	6.69390755073697
1	508	6.58452739386723
1	509	7.24983091423981
1	513	7.28966770920099
1	522	6.79294707799199
1	528	6.29289054870606
11	305	4.93097768220189
11	307	4.91856601341753
11	308	4.79929423989631
11	309	5.05121231706519
11	310	4.99083849125438
11	311	4.74738755685016
11	314	4.26459074020386
11	315	4.35664946692331
11	316	4.73902274898647
11	317	4.91764163970947
11	319	5.02546157563726
11	320	4.3200140953064
11	323	4.94473113027112
11	328	4.36679858546103
11	339	4.37763440878683
11	346	4.75312296875703
11	359	4.39452013915235
11	360	4.95558408662385
11	365	5.75348968316041
11	367	5.98739209662169
11	368	6.02865228159086
11	369	5.74794877228307
11	370	6.23390649369292
11	371	6.30702663342887
11	372	6.11162828654051
11	373	6.09864877359555
11	375	5.85779447630634
11	376	6.22322884929237
11	380	5.70818706327869
11	385	4.94063222845981
11	386	5.37956338698554
11	387	4.68414378678927
11	388	5.00482110853319
11	389	6.21342867937955
11	390	5.45896944339883
11	391	6.20517194809452
11	393	6.6539568901062
11	394	5.10891870151867
11	397	6.0465340462942
11	400	6.36610945259652
11	414	6.23275788717135
11	415	5.07218653347359
11	416	4.66495552062988
11	421	6.67112849074967
11	425	5.77147090157797
11	428	6.40331239639767
11	432	5.61130410546482
11	433	5.44222506481429
11	434	5.56421277408695
11	435	5.36976163608198
11	436	5.82273886121553
11	437	5.73378422364678
11	438	6.12275408333531
11	439	5.50123970213227
11	440	5.82527802106613
11	441	5.52040792394567
11	443	5.72200034459432
11	444	5.35355448657875
11	445	5.88379118101561
11	446	5.75825161768941
11	448	5.96580894191657
11	449	5.96733974190265
11	450	4.79496240615845
11	451	5.84652277401515
11	453	5.27733828505752
11	462	6.26289267503419
11	464	6.33179882086162
11	465	6.29577521506294
11	468	6.54749992006407
11	469	6.22839835838035
11	470	5.35759722102772
11	471	6.736946510491
11	472	6.81816536334935
11	473	6.67596508079851
11	474	6.56336301719468
11	475	6.62082016203139
11	476	6.52350845336914
11	477	6.78685375042566
11	478	6.63384016217209
11	479	6.83000001991745
11	480	6.90350983667013
11	481	6.78081495111639
11	482	5.67897300720215
11	483	6.1904598236084
11	484	6.94049127291884
11	485	6.7874855945765
11	487	6.44149647818671
11	488	6.66356420516968
11	491	6.53071130405773
11	493	6.53973132371902
11	496	7.51057953324265
11	497	7.61555182774862
11	498	7.34728345913076
11	499	7.47164148593617
11	500	7.53341029642767
11	501	7.54077061272542
11	502	7.24932893609579
11	503	7.30454552650452
11	504	6.83235692977905
11	505	7.46915310230034
11	506	7.77252383176018
11	507	7.29808773246466
11	508	7.18764561620252
11	509	7.85510762068477
11	513	7.90236859228097
11	522	7.39798229390925
11	528	6.90417146682739
21	305	5.44988704661033
21	307	5.43358162824016
21	308	5.31271053871195
21	309	5.56749911963591
21	310	5.50610364807977
21	311	5.26064869649241
21	314	4.77343416213989
21	315	4.85392158372062
21	316	5.25159448740361
21	317	5.43184960972179
21	319	5.54275392989318
21	320	4.82168169021606
21	323	5.46016839126061
21	328	4.86516438761065
21	339	4.87394434510313
21	346	5.2660132511167
21	359	4.88942019235004
21	360	5.46864506777595
21	365	6.26068253474605
21	367	6.49546186920974
21	368	6.53683045018346
21	369	6.25518870333234
21	370	6.74189991812997
21	371	6.81558161263072
21	372	6.62022158503532
21	373	6.60724364606717
21	375	6.36528667314785
21	376	6.7314542812879
21	380	6.21555520026915
21	385	5.42266990587731
21	386	5.8586525755399
21	387	5.16392043841782
21	388	5.48684201302466
21	389	6.68702112544667
21	390	5.93740559061516
21	391	6.68034582445698
21	393	7.12541880974403
21	394	5.59236024509777
21	397	6.5199224759662
21	400	6.83954653507326
21	414	6.74194285989268
21	415	5.58840961824671
21	416	5.17668037414551
21	421	7.14347802619545
21	425	6.24967606123104
21	428	6.91363259784759
21	432	6.10649011562526
21	433	5.94011953742591
21	434	6.05742885661625
21	435	5.87119287004867
21	436	6.31649177365341
21	437	6.22657915049557
21	438	6.61637401343706
21	439	6.00185310219948
21	440	6.32107343490099
21	441	6.01676630090784
21	443	6.21164096196493
21	444	5.85569400553482
21	445	6.3751057891277
21	446	6.24802384529151
21	448	6.46455209153661
21	449	6.45806184342669
21	450	5.307776927948
21	451	6.33549607746185
21	453	5.78502252184111
21	462	6.75645907789567
21	464	6.84150849629058
21	465	6.80473650900452
21	468	7.04900114461193
21	469	6.73001878980606
21	470	5.83770747618242
21	471	7.23477574867835
21	472	7.31616840362549
21	473	7.17884546602276
21	474	7.06466733003508
21	475	7.12193539937337
21	476	6.99925484657288
21	477	7.28098289379189
21	478	7.13429002261224
21	479	7.32883972544937
21	480	7.40026695142774
21	481	7.27575487440283
21	482	6.15866746902466
21	483	6.69628496170044
21	484	7.4380335813152
21	485	7.28667366442903
21	487	6.93800936804877
21	488	7.13759517669678
21	491	7.00238299369812
21	493	7.04872676730156
21	496	8.01821624889585
21	497	8.11713193091793
21	498	7.85219514080494
21	499	7.98061730594278
21	500	8.03970754115451
21	501	8.04247361585634
21	502	7.76772708597436
21	503	7.81792199373245
21	504	7.34874200820923
21	505	7.97864131761794
21	506	8.24866274328793
21	507	7.81199776892569
21	508	7.70634312465273
21	509	8.34939410425451
21	513	8.37503210703532
21	522	7.89246247513126
21	528	7.37545585632324
31	305	6.21282977056673
31	307	6.19531629690212
31	308	6.07392965834593
31	309	6.32953474884145
31	310	6.26914485295614
31	311	6.02183143065066
31	314	5.5285267829895
31	315	5.60241140638079
31	316	6.01248879224553
31	317	6.19384176080877
31	319	6.30447717631857
31	320	5.57444353103638
31	323	6.22310369425807
31	328	5.61540166024239
31	339	5.62261083223162
31	346	6.02686984422319
31	359	5.63681749322198
31	360	6.23179233307932
31	365	7.01026260190085
31	367	7.2412404166194
31	368	7.28173600380351
31	369	7.00447905405397
31	370	7.48434929909047
31	371	7.55563997128688
31	372	7.36309759318829
31	373	7.35100776547441
31	375	7.1148739349185
31	376	7.47412982383413
31	380	6.96586174811086
31	385	6.16405554030044
31	386	6.59576103710808
31	387	5.90454523794113
31	388	6.22636185683213
31	389	7.41447258862582
31	390	6.67386173774565
31	391	7.40967641338225
31	393	7.84763682194245
31	394	6.33305119601163
31	397	7.24797936848232
31	400	7.56661103992927
31	414	7.48330747304889
31	415	6.35121907492052
31	416	5.9384635925293
31	421	7.86804033096145
31	425	6.98442070983177
31	428	7.65246065139771
31	432	6.86096729331358
31	433	6.69867083817819
31	434	6.81226067888697
31	435	6.63044653304469
31	436	7.06762267740083
31	437	6.9790155597621
31	438	7.36049410156498
31	439	6.76004194656865
31	440	7.07466218884642
31	441	6.77301043051261
31	443	6.96338023079766
31	444	6.6159494865168
31	445	7.13012148358426
31	446	6.9929730285536
31	448	7.2109401939365
31	449	7.20564905365332
31	450	6.07326889038086
31	451	7.08774078459967
31	453	6.54601556305601
31	462	7.49706048223823
31	464	7.58061900474369
31	465	7.54511000472407
31	468	7.78705423479005
31	469	7.47662382277231
31	470	6.57599466497248
31	471	7.96758939253
31	472	8.04905204475415
31	473	7.91604250249728
31	474	7.80155686472658
31	475	7.85787409676446
31	476	7.73056359291077
31	477	8.01174449447685
31	478	7.87035277584406
31	479	8.06128373427377
31	480	8.12858073379564
31	481	8.013648444956
31	482	6.90079889297485
31	483	7.44126214981079
31	484	8.16617552888915
31	485	8.01582245752601
31	487	7.67797454198202
31	488	7.866242090861
31	491	7.72486795078624
31	493	7.78482107122739
31	496	8.74102142904077
31	497	8.83716267903646
31	498	8.58166452748886
31	499	8.70448614058093
31	500	8.76233472338544
31	501	8.76322291750427
31	502	8.49537766718231
31	503	8.54619864463806
31	504	8.08362503051758
31	505	8.70091210921299
31	506	8.97207631391638
31	507	8.5368995105519
31	508	8.43350137513259
31	509	9.0681502446641
31	513	9.09090225369322
31	522	8.61230912834707
31	528	8.10063076019287
41	305	7.07067393323281
41	307	7.05084586016385
41	308	6.92988825963368
41	309	7.18416593995011
41	310	7.12573738727305
41	311	6.87717668780722
41	314	6.39108991622925
41	315	6.46570529256548
41	316	6.86784378657748
41	317	7.04955300417813
41	319	7.16020972654223
41	320	6.43593873977661
41	323	7.07948353866051
41	328	6.47810652948195
41	339	6.48559028099026
41	346	6.88239652534213
41	359	6.50032796913927
41	360	7.08671299149008
41	365	7.8472908153547
41	367	8.07312024947524
41	368	8.11458264538197
41	369	7.84251285602095
41	370	8.31622347494414
41	371	8.38398903006807
41	372	8.1926481872797
41	373	8.18285616518209
41	375	7.95851252398153
41	376	8.30493380421657
41	380	7.80415246102118
41	385	7.02036736183133
41	386	7.445745950964
41	387	6.76131407932569
41	388	7.08288756903116
41	389	8.25286419608376
41	390	7.52198309845198
41	391	8.24807021848617
41	393	8.68530674469777
41	394	7.18815473209728
41	397	8.08841678831312
41	400	8.40176025832572
41	414	8.31143579593496
41	415	7.20505087979362
41	416	6.7953839302063
41	421	8.70244604957347
41	425	7.82838083976923
41	428	8.47648708858187
41	432	7.70548000819482
41	433	7.54730654380502
41	434	7.65594154274319
41	435	7.48131746491685
41	436	7.90932628204083
41	437	7.82150815409509
41	438	8.19634795916239
41	439	7.61170518162863
41	440	7.91811958390751
41	441	7.62062295277913
41	443	7.80782267252604
41	444	7.46511322016287
41	445	7.96895345201287
41	446	7.83620051754897
41	448	8.05447089623728
41	449	8.04390386040626
41	450	6.93037080764771
41	451	7.93130686169579
41	453	7.39781649957256
41	462	8.33130790213243
41	464	8.40609450635117
41	465	8.37347562621599
41	468	8.62018418556123
41	469	8.31946503422248
41	470	7.42648575522683
41	471	8.79419057259193
41	472	8.8703818371339
41	473	8.74685336502505
41	474	8.63322167657137
41	475	8.6875377231174
41	476	8.56529188156128
41	477	8.83412967585714
41	478	8.70135494016913
41	479	8.88616922513573
41	480	8.94721699966207
41	481	8.84655957872217
41	482	7.74749984741211
41	483	8.28092098236084
41	484	8.98186249631289
41	485	8.83668911889427
41	487	8.51153490278456
41	488	8.70102787017822
41	491	8.55956530570984
41	493	8.60792160431544
41	496	9.54851841240352
41	497	9.64742411102074
41	498	9.38899996422774
41	499	9.51108260021032
41	500	9.57099889028166
41	501	9.57413588095149
41	502	9.30215081493411
41	503	9.3527418422699
41	504	8.8958776473999
41	505	9.50791195920996
41	506	9.79043354258818
41	507	9.34402707043816
41	508	9.24009053460483
41	509	9.87901743589527
41	513	9.91656084621654
41	522	9.42600122605911
41	528	8.92266368865967
51	305	8.09101052131517
51	307	8.06789962299344
51	308	7.94618193191949
51	309	8.20079602484117
51	310	8.1438683817784
51	311	7.89265782264486
51	314	7.40467023849487
51	315	7.4759909084865
51	316	7.88319644246144
51	317	8.06648187203841
51	319	8.17795547718803
51	320	7.44762926101685
51	323	8.0975802026946
51	328	7.48856029202861
51	339	7.49551232583922
51	346	7.89793128706747
51	359	7.50975852662867
51	360	8.1022498701133
51	365	8.83684774580768
51	367	9.05482409911378
51	368	9.09661864946095
51	369	8.83232301752966
51	370	9.29487532588063
51	371	9.35837258767644
51	372	9.17069472372532
51	373	9.1635475143457
51	375	8.95243541837677
51	376	9.2829066842937
51	380	8.79512246039606
51	385	8.01743589821976
51	386	8.43403153907023
51	387	7.75894131711734
51	388	8.07952128447496
51	389	9.22403229800138
51	390	8.50848712716305
51	391	9.22053506912724
51	393	9.65058128650372
51	394	8.1837796124545
51	397	9.06256677233984
51	400	9.37029419294218
51	414	9.28697089596605
51	415	8.22163534573731
51	416	7.8113920211792
51	421	9.66721391434572
51	425	8.80945881022963
51	428	9.4469454738072
51	432	8.70147557655031
51	433	8.55030856907564
51	434	8.65149144336433
51	435	8.48711528945655
51	436	8.89991342325742
51	437	8.814072655345
51	438	9.17745590799519
51	439	8.61672269078089
51	440	8.91222374112528
51	441	8.62108695065534
51	443	8.80116589864095
51	444	8.47088780000359
51	445	8.96013425872314
51	446	8.82249647662203
51	448	9.04363520537138
51	449	9.02854465973099
51	450	7.94913864135742
51	451	8.9241932990059
51	453	8.40710743691854
51	462	9.30800282289269
51	464	9.37798740818048
51	465	9.34817113135513
51	468	9.59525202578447
51	469	9.30883141169472
51	470	8.41675632650202
51	471	9.76002769435002
51	472	9.83229883535351
51	473	9.71960917996689
51	474	9.60636055343789
51	475	9.65841077168783
51	476	9.53580865859985
51	477	9.79507221727016
51	478	9.67298130025388
51	479	9.85044928159686
51	480	9.90386000283125
51	481	9.81961987235329
51	482	8.73555164337158
51	483	9.26674346923828
51	484	9.93659192886952
51	485	9.79586133314538
51	487	9.4880755742391
51	488	9.66900030771891
51	491	9.52370643615723
51	493	9.57557161251704
51	496	10.4924581422137
51	497	10.591185332865
51	498	10.3365728913027
51	499	10.4559457134978
51	500	10.5160114721592
51	501	10.5191190789599
51	502	10.2492113493185
51	503	10.2997140169144
51	504	9.85492401123047
51	505	10.4523297083424
51	506	10.7379886672076
51	507	10.2910729483062
51	508	10.1882554087146
51	509	10.820350698485
51	513	10.8643432504991
51	522	10.3710999536996
51	528	9.87827396392822
61	305	8.87434701648047
61	307	8.85022808809999
61	308	8.72966300290713
61	309	8.98222134963811
61	310	8.92632360259692
61	311	8.67652564467745
61	314	8.19437026977539
61	315	8.25638178416661
61	316	8.66689570314962
61	317	8.84893109581687
61	319	8.95854417979717
61	320	8.23197402954102
61	323	8.88048929674872
61	328	8.27017171921269
61	339	8.27535294407633
61	346	8.68130289653587
61	359	8.28837602246891
61	360	8.88809848299213
61	365	9.60021181702205
61	367	9.80426961627013
61	368	9.84410189884335
61	369	9.59579063939434
61	370	10.0363094691678
61	371	10.0900667173053
61	372	9.90986314415932
61	373	9.90628058765643
61	375	9.72272616108572
61	376	10.0231898150376
61	380	9.56052819528887
61	385	8.79630491174553
61	386	9.22037770959829
61	387	8.53440081688666
61	388	8.85987699186647
61	389	10.0250627691096
61	390	9.29647154794257
61	391	10.0211546559488
61	393	10.4564417325533
61	394	8.96634616851807
61	397	9.86064453730508
61	400	10.1742097052132
61	414	10.0210697124977
61	415	9.00273534259059
61	416	8.59771785736084
61	421	10.4745504515512
61	425	9.60344449863877
61	428	10.1699897384644
61	432	9.48021451239515
61	433	9.33096175477056
61	434	9.43261199446997
61	435	9.26858339218286
61	436	9.67654469158668
61	437	9.5940655510492
61	438	9.95178856379946
61	439	9.3976429865647
61	440	9.68929010393395
61	441	9.4008204848678
61	443	9.58124438391791
61	444	9.25316777865958
61	445	9.7454353371488
61	446	9.59050202300315
61	448	9.80525442601217
61	449	9.80634474643255
61	450	8.73625469207764
61	451	9.70963767218211
61	453	9.18972952612515
61	462	10.0693429119616
61	464	10.1036125418982
61	465	10.0801622959228
61	468	10.3427822818906
61	469	10.087622450773
61	470	9.20247303355824
61	471	10.511883247845
61	472	10.5769402035743
61	473	10.4433091794941
61	474	10.3472071672332
61	475	10.4000884162055
61	476	10.3393630504608
61	477	10.5535100289611
61	478	10.415872728543
61	479	10.5932560130207
61	480	10.650100449692
61	481	10.5917539163069
61	482	9.52251110076904
61	483	10.0251350402832
61	484	10.6772186407738
61	485	10.5333459883774
61	487	10.2573844061957
61	488	10.4745101928711
61	491	10.3306364579634
61	493	10.2911373178164
61	496	11.2222441493805
61	497	11.3378195710113
61	498	11.0690996031098
61	499	11.17502784729
61	500	11.2438412995002
61	501	11.2630237351864
61	502	10.937151292784
61	503	11.0050105142593
61	504	10.5512117385864
61	505	11.170201269356
61	506	11.5558889725629
61	507	10.9883078593834
61	508	10.8729732447657
61	509	11.5984314702723
61	513	11.6862750707888
61	522	11.1422115961711
61	528	10.6957788467407
