LandisData "ForC Succession"

ClimateTable
>>Time	Eco	AvgT
>>Step		(C)
0	53	0.129933737753535
0	54	0.125150932454052
0	59	0.164839092431419
0	60	0.380700811343215
0	63	0.0373191376555055
0	71	0.290750942496939
0	99	0.415196386890279
0	118	0.441871296217401
0	119	0.432741908727028
0	120	0.378671758028372
0	121	0.355222674805239
0	122	0.458189199611478
0	125	0.522788615838202
0	127	0.530167188909319
0	129	0.325195460671595
0	133	0.651039717511998
0	134	0.505595048268636
1	53	1.76203040379528
1	54	1.766360705072
1	59	1.81836560216316
1	60	2.00905898849455
1	63	1.61961107307606
1	71	1.94475275451896
1	99	2.0005722840627
1	118	2.15777814951208
1	119	2.13185814186017
1	120	2.08108720529786
1	121	2.06283669158198
1	122	2.15271975220861
1	125	2.21245169149329
1	127	2.15771023432414
1	129	1.99237186943783
1	133	2.34311620394389
1	134	2.22959303855896
11	53	2.35926975609653
11	54	2.36553884764178
11	59	2.41564566982427
11	60	2.59291472623674
11	63	2.21683162015476
11	71	2.54136703410427
11	99	2.58555324872335
11	118	2.74823547937931
11	119	2.72042062983886
11	120	2.66716236741443
11	121	2.64982633063602
11	122	2.74568306111001
11	125	2.79509546262757
11	127	2.72570821974013
11	129	2.57354662348242
11	133	2.90655453999837
11	134	2.79156804084778
21	53	2.95067179972582
21	54	2.95670242406712
21	59	3.0038918617269
21	60	3.18379788089999
21	63	2.81667052828864
21	71	3.12659098252975
21	99	3.17639541625977
21	118	3.33885173767041
21	119	3.31025785490456
21	120	3.25731584428393
21	121	3.23996410616867
21	122	3.3343530989982
21	125	3.38641550073035
21	127	3.3224077489641
21	129	3.16516792072969
21	133	3.50573015213013
21	134	3.39194226264954
31	53	3.75131600138997
31	54	3.75690179577541
31	59	3.8047177643741
31	60	3.98526080620946
31	63	3.61604531293505
31	71	3.92423322540834
31	99	3.97520685195923
31	118	4.1317200604667
31	119	4.10570476655193
31	120	4.05441093450216
31	121	4.03633731190587
31	122	4.1269631997959
31	125	4.18441802465515
31	127	4.12603714731005
31	129	3.96452304545571
31	133	4.31081247329712
31	134	4.19653749465942
41	53	4.59944359594198
41	54	4.60443201061896
41	59	4.65306773718215
41	60	4.83673960785214
41	63	4.46443115325456
41	71	4.77535414123208
41	99	4.82696990172068
41	118	4.98832245214373
41	119	4.96310975242792
41	120	4.91169065687248
41	121	4.8925554876509
41	122	4.98404210966987
41	125	5.04072204489928
41	127	4.97927284240723
41	129	4.81975471272188
41	133	5.16238800684611
41	134	5.04854345321655
51	53	5.67747300991361
51	54	5.68346910484076
51	59	5.73085264766893
51	60	5.90791903525519
51	63	5.54272444328565
51	71	5.85377624447293
51	99	5.89647281169891
51	118	6.06204120959991
51	119	6.03784339661723
51	120	5.98697741794025
51	121	5.96654392232367
51	122	6.0585352923419
51	125	6.10908811522984
51	127	6.04078250461155
51	129	5.89205571483163
51	133	6.21481084823608
51	134	6.10285806655884
61	53	6.51942344519757
61	54	6.52807769407943
61	59	6.56742154181584
61	60	6.73020763334325
61	63	6.39733745542805
61	71	6.68300651201615
61	99	6.71823632717133
61	118	6.87892140939704
61	119	6.84995449285926
61	120	6.79712280856167
61	121	6.78061381294866
61	122	6.87585094812754
61	125	6.91968614520087
61	127	6.85074901580811
61	129	6.70384419665617
61	133	7.0229320526123
61	134	6.91162109375
